gene_name	A549_0_1	A549_0_2	A549_0_3	A549_25_1	A549_25_2	A549_25_3
ENSG00000260370.1	0	0	0	0	0	0
ENSG00000237297.1	0	0	0	0	0	0
ENSG00000261456.5	13	14	11	14	7	10
ENSG00000232420.2	0	0	0	0	0	0
ENSG00000015171.19	6743	7380	6733	7424	7204	6320
ENSG00000276662.1	0	0	0	0	0	0
ENSG00000212331.1	0	0	0	0	0	0
ENSG00000151240.16	1664	1661	1249	1613	1539	1222
ENSG00000201861.1	2	2	0	0	0	1
ENSG00000239822.3	0	0	0	1	1	0
ENSG00000233021.2	0	0	0	0	0	0
ENSG00000225140.1	0	0	0	0	0	0
ENSG00000263511.1	0	0	0	0	0	0
ENSG00000180525.11	43	62	60	53	55	47
ENSG00000231601.1	0	0	0	0	0	0
ENSG00000107929.14	5040	5559	5124	5439	5349	4968
ENSG00000229869.1	7	6	5	9	5	7
ENSG00000205740.2	52	58	54	60	43	51
ENSG00000107937.18	10063	10981	11143	10884	11220	10143
ENSG00000148377.5	1	0	1	1	1	2
ENSG00000232656.7	23	26	24	37	19	31
ENSG00000067064.11	4483	5770	3385	4510	5050	3199
ENSG00000047056.15	1116	1175	995	1244	1214	965
ENSG00000229205.3	0	0	0	0	0	0
ENSG00000185736.15	0	0	0	0	0	0
ENSG00000282390.1	0	0	0	0	0	0
ENSG00000233052.1	0	0	0	0	0	0
ENSG00000205696.4	0	0	0	0	0	0
ENSG00000234962.5	0	0	0	0	0	0
ENSG00000226694.2	0	0	0	0	0	0
ENSG00000278069.1	0	0	0	0	0	0
ENSG00000252998.1	0	0	0	0	0	0
ENSG00000227912.1	0	0	0	0	0	0
ENSG00000231326.6	1	0	0	0	0	0
ENSG00000212156.1	0	0	0	0	0	0
ENSG00000234556.1	0	0	0	0	0	0
ENSG00000234170.5	0	0	0	0	0	0
ENSG00000237500.1	0	0	0	0	0	0
ENSG00000235281.1	0	0	0	0	0	0
ENSG00000231743.1	0	0	0	0	0	0
ENSG00000234182.1	0	0	0	0	0	0
ENSG00000273001.1	30	48	50	51	49	38
ENSG00000067057.16	23939	27054	29716	28288	28375	28138
ENSG00000278419.1	0	0	0	0	0	0
ENSG00000107959.15	6991	7694	7848	7456	7463	7233
ENSG00000237399.7	63	66	88	84	56	83
ENSG00000236968.1	0	0	0	0	0	0
ENSG00000226762.2	0	0	0	0	1	0
ENSG00000227338.1	0	0	0	0	0	0
ENSG00000233321.1	1	0	0	0	0	0
ENSG00000236892.1	0	0	0	0	0	0
ENSG00000229672.2	0	0	0	1	1	0
ENSG00000228353.1	0	0	0	0	0	0
ENSG00000067082.14	4631	5681	4747	12309	11641	9981
ENSG00000230573.1	0	0	0	0	0	1
ENSG00000226005.4	1	0	0	0	0	1
ENSG00000274809.1	0	0	0	0	0	0
ENSG00000227101.1	0	0	0	0	0	0
ENSG00000236990.1	1	0	0	0	0	0
ENSG00000233117.2	1	0	2	0	2	1
ENSG00000224382.1	0	1	1	0	0	0
ENSG00000230096.1	0	0	0	0	0	0
ENSG00000207124.1	0	0	0	0	0	0
ENSG00000231298.6	125	119	93	75	97	68
ENSG00000225269.2	0	0	0	0	0	0
ENSG00000165568.17	943	882	730	910	789	692
ENSG00000151631.8	0	1	0	0	1	0
ENSG00000238840.1	2	1	0	0	0	0
ENSG00000187134.13	43954	45015	25762	30720	31371	25025
ENSG00000151632.17	145915	166352	134683	147028	142095	117099
ENSG00000224251.6	40	19	38	30	16	19
ENSG00000239148.1	0	0	0	0	0	0
ENSG00000196139.13	68213	71193	55142	63637	61938	52252
ENSG00000239142.1	0	0	0	0	0	0
ENSG00000225418.1	5	4	1	3	4	0
ENSG00000264006.8	10	9	14	14	11	6
ENSG00000198610.10	27	21	24	24	34	14
ENSG00000228291.1	1	1	0	2	1	0
ENSG00000231039.2	0	2	0	0	1	0
ENSG00000224034.1	67	68	49	67	62	62
ENSG00000215267.8	175	171	165	168	166	135
ENSG00000223987.1	0	0	0	0	1	1
ENSG00000280450.1	0	0	0	0	0	0
ENSG00000178473.6	4	0	1	0	0	1
ENSG00000178462.11	26	27	27	15	36	29
ENSG00000173848.18	5189	5568	4535	5394	5192	4625
ENSG00000178372.7	0	0	0	0	0	0
ENSG00000205488.8	15	13	9	6	7	8
ENSG00000178363.4	1	0	0	0	1	0
ENSG00000256462.1	0	0	0	0	0	0
ENSG00000242147.1	87	69	66	63	59	58
ENSG00000231483.1	35	25	13	15	23	4
ENSG00000228951.1	0	0	0	1	0	1
ENSG00000228685.1	0	0	0	1	0	0
ENSG00000240577.3	0	0	0	0	0	0
ENSG00000196372.12	1034	1145	935	1131	1064	827
ENSG00000108021.20	6644	7730	8116	7430	7195	6997
ENSG00000226647.2	0	0	0	1	1	0
ENSG00000057608.16	19126	21653	20778	21071	21155	18948
ENSG00000270427.1	1	0	0	0	0	0
ENSG00000272764.1	43	57	59	54	52	46
ENSG00000134461.15	566	573	552	598	616	512
ENSG00000240180.1	0	0	0	0	0	0
ENSG00000134452.19	4131	4593	3985	4090	4291	3833
ENSG00000232807.2	6	3	2	1	1	2
ENSG00000134470.20	33	27	40	24	19	34
ENSG00000134460.17	0	0	0	0	0	0
ENSG00000251922.1	0	0	0	0	0	0
ENSG00000229664.1	0	0	0	0	0	1
ENSG00000214015.3	0	0	0	0	0	0
ENSG00000134453.15	7059	7766	7232	7246	7800	6547
ENSG00000170525.20	34752	41333	32227	35826	36317	30295
ENSG00000201581.1	0	1	2	0	4	2
ENSG00000263628.1	0	0	0	0	0	0
ENSG00000283634.1	0	0	0	0	0	0
ENSG00000213994.3	6	12	2	8	4	2
ENSG00000238366.1	0	0	0	0	0	0
ENSG00000215244.2	8	12	5	15	9	2
ENSG00000226705.1	0	0	0	1	0	0
ENSG00000212743.2	4	5	4	8	5	4
ENSG00000065675.14	444	505	463	458	444	420
ENSG00000237943.6	388	482	474	477	481	446
ENSG00000225948.2	1	0	1	3	3	3
ENSG00000285743.1	1	3	1	0	1	2
ENSG00000223784.2	272	364	282	326	329	335
ENSG00000285988.1	0	0	0	0	0	0
ENSG00000281186.1	11	19	11	18	9	14
ENSG00000238266.2	565	691	880	687	756	832
ENSG00000285845.1	0	0	0	0	0	0
ENSG00000234248.1	0	0	0	0	0	0
ENSG00000223581.1	0	0	0	0	0	0
ENSG00000270811.1	0	0	0	0	0	0
ENSG00000198879.11	3086	3248	2803	4299	3101	2796
ENSG00000235141.1	0	1	1	1	0	0
ENSG00000278982.1	14	17	8	19	11	9
ENSG00000232591.1	0	0	0	0	0	0
ENSG00000207453.1	0	0	0	0	0	0
ENSG00000230121.1	0	0	0	0	0	0
ENSG00000123243.14	4	10	6	6	10	7
ENSG00000151655.18	36	48	28	29	58	39
ENSG00000151657.11	819	901	815	961	890	772
ENSG00000165629.19	11155	12752	12169	12178	12521	11316
ENSG00000165632.7	927	1187	1144	1106	1189	1132
ENSG00000233990.1	0	1	0	0	0	0
ENSG00000107485.16	375	317	342	344	258	337
ENSG00000197308.9	3	2	5	4	3	2
ENSG00000232638.1	6	2	0	2	1	3
ENSG00000225053.1	0	0	0	0	0	0
ENSG00000232170.5	0	0	0	0	0	0
ENSG00000226861.1	0	0	0	0	0	0
ENSG00000226990.1	0	0	0	0	0	0
ENSG00000271251.1	0	0	0	0	0	0
ENSG00000213771.3	61	26	29	39	31	26
ENSG00000236420.1	0	0	0	1	0	0
ENSG00000212505.1	0	0	0	0	0	0
ENSG00000270234.1	0	0	0	0	0	0
ENSG00000234752.1	0	0	0	0	0	0
ENSG00000223808.1	0	0	0	0	0	0
ENSG00000230014.1	0	0	0	0	0	0
ENSG00000235838.1	2	0	1	0	0	0
ENSG00000228636.2	0	0	0	0	0	0
ENSG00000224788.1	0	0	0	0	0	0
ENSG00000229919.3	2	4	2	3	1	1
ENSG00000200849.1	0	0	0	0	0	0
ENSG00000272436.1	0	0	0	0	0	0
ENSG00000234306.1	0	0	0	0	0	0
ENSG00000279575.1	0	0	0	0	0	0
ENSG00000270111.2	0	1	0	0	0	0
ENSG00000228997.1	0	0	0	0	0	0
ENSG00000225383.7	0	1	2	0	0	0
ENSG00000048740.18	1	4	6	3	3	5
ENSG00000229240.8	0	0	0	0	0	0
ENSG00000231496.1	0	0	0	0	0	0
ENSG00000228027.1	0	0	0	0	0	0
ENSG00000229206.3	0	0	0	0	0	0
ENSG00000237986.3	0	0	0	0	0	0
ENSG00000230322.1	0	0	0	0	0	0
ENSG00000181800.5	0	0	0	0	0	0
ENSG00000280086.1	0	0	0	0	0	0
ENSG00000148429.14	1912	1969	1820	2034	1910	1802
ENSG00000271360.1	1	2	0	4	3	1
ENSG00000271046.1	1	0	0	0	0	0
ENSG00000134463.14	391	389	390	428	410	366
ENSG00000148426.12	925	1052	1095	999	956	1164
ENSG00000225778.5	3	1	0	1	1	0
ENSG00000151461.19	3511	3728	3818	4023	3975	3587
ENSG00000251957.1	0	0	0	0	0	0
ENSG00000181192.11	2161	2410	1849	2512	2312	1875
ENSG00000272507.1	0	1	0	0	0	0
ENSG00000065665.20	1346	1322	1162	1276	1130	1094
ENSG00000265653.1	0	0	0	0	0	0
ENSG00000165609.12	6701	7542	7427	7518	7453	6764
ENSG00000151465.13	6864	8174	7551	7557	8072	7285
ENSG00000228302.2	21	21	4	19	12	9
ENSG00000264036.2	0	0	0	0	0	0
ENSG00000183049.12	1814	1972	1735	2492	2074	1612
ENSG00000252438.1	0	1	0	0	0	0
ENSG00000252118.1	0	0	0	0	0	0
ENSG00000285994.1	0	0	0	2	0	0
ENSG00000263584.1	0	0	0	0	0	0
ENSG00000283699.1	0	0	0	0	0	0
ENSG00000221331.1	0	0	0	0	0	0
ENSG00000285520.1	0	0	0	0	0	0
ENSG00000151468.10	88	122	78	75	97	92
ENSG00000212499.1	0	0	0	0	0	0
ENSG00000225251.1	1	0	2	1	0	2
ENSG00000123240.16	3089	3362	2947	2900	3071	2836
ENSG00000235763.1	0	1	0	2	0	0
ENSG00000234175.1	0	0	0	0	1	0
ENSG00000228330.1	0	0	0	0	0	0
ENSG00000203414.2	1	1	3	1	1	0
ENSG00000237540.1	0	0	0	0	0	0
ENSG00000065328.16	3451	4129	3980	4005	4236	3715
ENSG00000272055.1	277	194	124	245	218	208
ENSG00000165623.9	0	0	0	0	0	1
ENSG00000107537.13	1555	1640	1456	1757	1663	1323
ENSG00000226209.1	0	0	0	0	0	1
ENSG00000086475.14	5322	5631	5354	5867	5497	5034
ENSG00000233256.1	0	0	0	0	0	0
ENSG00000165626.17	698	777	777	851	765	688
ENSG00000202508.1	0	0	0	0	0	0
ENSG00000227175.1	0	0	0	0	0	0
ENSG00000165630.13	524	544	487	522	547	485
ENSG00000227474.1	2	1	1	1	0	0
ENSG00000282246.1	0	0	0	0	0	0
ENSG00000239665.8	314	269	289	391	267	277
ENSG00000151474.22	407	361	314	392	311	308
ENSG00000273474.1	2	3	2	7	2	0
ENSG00000225112.1	0	0	0	0	0	0
ENSG00000199407.1	0	0	0	0	0	0
ENSG00000234091.1	0	0	0	0	0	0
ENSG00000215227.4	0	0	0	0	0	0
ENSG00000229751.1	0	0	0	0	0	0
ENSG00000235410.1	0	1	1	0	0	0
ENSG00000285671.1	0	1	0	0	0	0
ENSG00000266321.1	0	0	0	0	0	0
ENSG00000278100.1	0	0	0	0	0	0
ENSG00000221371.1	0	0	0	0	0	0
ENSG00000065809.13	10671	11147	10160	12471	11228	9752
ENSG00000236495.2	0	1	0	0	0	0
ENSG00000201766.1	0	0	0	0	0	0
ENSG00000237032.1	1	1	0	0	0	1
ENSG00000185267.9	89	64	39	88	80	54
ENSG00000284024.2	1149	1401	1239	1336	1309	1195
ENSG00000187522.15	1665	1782	1763	1714	1903	1520
ENSG00000272853.1	70	78	62	83	75	57
ENSG00000152455.15	1583	1877	1723	1808	1821	1609
ENSG00000152457.17	511	507	504	592	547	469
ENSG00000197889.9	16	52	22	38	36	22
ENSG00000235623.2	0	0	0	1	0	0
ENSG00000228547.5	2	1	3	2	4	1
ENSG00000182531.7	0	0	0	0	1	0
ENSG00000237470.3	0	0	0	0	0	0
ENSG00000152463.14	2	2	1	2	1	1
ENSG00000176244.6	76	71	80	88	76	60
ENSG00000228312.1	0	0	0	0	0	0
ENSG00000176236.6	18	10	10	14	13	12
ENSG00000152464.14	1187	1251	1110	1166	1233	1092
ENSG00000152465.17	1807	1806	1916	1773	1741	1797
ENSG00000206448.3	3	0	1	6	4	1
ENSG00000228181.1	0	0	0	0	0	0
ENSG00000148468.16	2472	2472	2534	2500	2437	2408
ENSG00000232739.1	0	0	0	0	0	1
ENSG00000077943.7	0	0	0	0	1	0
ENSG00000148481.13	1346	1344	1209	1282	1222	1174
ENSG00000252537.1	0	0	0	0	0	0
ENSG00000237913.1	0	0	0	0	0	0
ENSG00000201260.1	0	0	0	0	0	0
ENSG00000226140.5	0	0	0	0	0	0
ENSG00000165983.14	1213	1377	1294	1325	1251	1079
ENSG00000223156.1	0	0	0	0	0	0
ENSG00000165985.9	2	2	0	3	0	0
ENSG00000148484.17	7456	7784	7293	7486	6924	6760
ENSG00000225213.2	15	14	11	8	15	9
ENSG00000275001.1	0	0	0	0	0	0
ENSG00000107611.15	17	20	23	22	12	21
ENSG00000273153.1	1	1	1	1	2	1
ENSG00000107614.21	364	384	398	441	382	431
ENSG00000229124.6	121	129	194	217	110	107
ENSG00000026025.15	57925	61074	66423	66660	66785	59404
ENSG00000234961.1	48	54	42	137	38	42
ENSG00000148488.16	20	23	9	10	16	17
ENSG00000204832.9	0	0	0	0	0	0
ENSG00000251803.1	0	0	0	0	0	0
ENSG00000236582.1	2	5	4	6	1	1
ENSG00000165996.13	1810	1940	1790	1939	1829	1758
ENSG00000280126.2	0	0	0	0	0	0
ENSG00000260589.1	63	65	46	53	58	31
ENSG00000136738.14	2565	2961	2627	2558	2863	2460
ENSG00000229190.1	4	4	0	5	0	1
ENSG00000148483.8	22	24	42	18	25	38
ENSG00000260314.2	3	3	4	5	5	2
ENSG00000207938.1	0	0	0	0	0	0
ENSG00000235637.1	0	0	0	0	0	0
ENSG00000148482.11	0	0	0	0	1	0
ENSG00000226083.5	0	0	0	0	0	0
ENSG00000165995.19	2	1	0	3	1	1
ENSG00000235020.4	0	0	0	0	0	0
ENSG00000240291.1	109	122	114	113	132	107
ENSG00000225527.1	3	4	1	2	2	4
ENSG00000241058.3	534	591	529	583	579	487
ENSG00000165997.4	2207	2721	2299	2870	2368	2288
ENSG00000225509.1	0	0	0	0	1	0
ENSG00000234244.1	0	0	0	0	0	0
ENSG00000234813.1	0	0	0	0	0	0
ENSG00000204740.10	1	0	0	0	0	0
ENSG00000226255.1	0	1	0	0	0	0
ENSG00000227734.1	0	0	0	0	0	0
ENSG00000239539.1	0	0	0	0	0	0
ENSG00000236960.1	0	0	0	0	0	0
ENSG00000200545.2	0	0	0	0	0	0
ENSG00000252001.1	0	0	0	0	0	0
ENSG00000233968.6	0	0	0	0	0	0
ENSG00000283456.1	0	0	0	0	0	0
ENSG00000230818.1	0	0	0	0	0	0
ENSG00000252832.1	0	0	0	0	0	0
ENSG00000285852.1	0	0	0	0	0	0
ENSG00000120594.16	8	13	9	6	6	6
ENSG00000238246.1	0	0	0	0	0	0
ENSG00000228339.1	0	1	0	0	0	0
ENSG00000270727.1	0	0	0	0	0	0
ENSG00000265372.1	0	0	0	0	0	0
ENSG00000078114.18	2384	2573	1964	2277	2004	1860
ENSG00000235940.1	0	0	0	0	0	0
ENSG00000230112.1	0	0	0	0	0	0
ENSG00000228753.1	218	233	229	212	213	178
ENSG00000228219.1	0	0	0	1	0	1
ENSG00000204683.11	0	0	0	0	1	2
ENSG00000231920.1	25	15	11	31	22	15
ENSG00000228860.1	0	0	0	0	0	0
ENSG00000232853.1	0	0	0	0	0	0
ENSG00000207264.1	4	3	1	5	5	4
ENSG00000230109.1	265	249	190	169	148	140
ENSG00000231553.1	0	0	0	0	0	0
ENSG00000278650.1	0	0	0	0	0	0
ENSG00000273566.1	0	0	0	0	0	0
ENSG00000199222.1	0	0	0	0	0	0
ENSG00000204682.5	5076	5049	3693	4439	3811	3657
ENSG00000222071.1	71	59	46	37	51	44
ENSG00000180592.16	764	858	672	648	613	555
ENSG00000078403.16	3154	3350	2913	3400	3181	2719
ENSG00000207347.1	0	0	0	0	0	0
ENSG00000223984.1	80	65	67	98	76	92
ENSG00000201390.1	0	0	0	0	0	0
ENSG00000136770.10	1366	1650	1532	1353	1527	1533
ENSG00000252634.1	0	0	0	0	0	0
ENSG00000279623.1	1	1	1	5	2	1
ENSG00000201364.1	0	0	0	0	0	0
ENSG00000232497.1	0	0	0	0	0	0
ENSG00000236777.1	1	0	0	0	0	0
ENSG00000223601.2	0	1	0	3	0	0
ENSG00000260205.1	0	0	0	0	0	0
ENSG00000227462.1	0	1	0	2	0	1
ENSG00000279631.1	13	3	9	10	8	15
ENSG00000261671.1	0	0	0	1	0	0
ENSG00000233318.2	0	0	0	0	0	0
ENSG00000148444.15	298	267	198	264	278	244
ENSG00000269897.5	0	0	0	0	0	0
ENSG00000168283.13	1596	1651	1401	1735	1471	1530
ENSG00000272516.1	0	0	0	0	0	0
ENSG00000271981.1	0	0	0	0	0	0
ENSG00000272366.1	0	1	0	0	0	1
ENSG00000077327.15	4	0	0	0	1	1
ENSG00000233451.1	0	1	0	0	0	0
ENSG00000285254.1	0	0	0	0	0	0
ENSG00000150867.13	2345	2674	2208	2744	2676	2256
ENSG00000279819.1	0	0	0	0	0	0
ENSG00000206842.1	0	0	0	0	0	0
ENSG00000165309.13	32	13	33	36	25	21
ENSG00000223131.1	0	0	0	0	2	0
ENSG00000148450.12	792	780	692	792	775	632
ENSG00000229932.3	1239	1401	1353	1259	1293	1258
ENSG00000252049.1	0	0	0	0	0	0
ENSG00000168267.6	0	0	0	0	0	0
ENSG00000179133.13	12	7	6	12	6	6
ENSG00000227537.1	0	0	0	0	0	0
ENSG00000224215.1	7	6	3	6	4	1
ENSG00000264574.1	0	0	0	0	0	0
ENSG00000165312.6	268	298	210	283	268	197
ENSG00000120549.17	438	424	496	485	430	436
ENSG00000223928.1	1	0	0	1	0	0
ENSG00000277563.1	0	0	0	0	0	0
ENSG00000207930.1	0	0	0	0	0	0
ENSG00000279029.1	0	0	0	0	0	0
ENSG00000107863.17	5536	5896	4880	6247	5545	4452
ENSG00000199535.1	0	0	0	0	0	0
ENSG00000285750.1	0	0	0	0	0	0
ENSG00000099256.18	1572	1823	1570	1634	1794	1464
ENSG00000228667.1	0	0	0	0	0	0
ENSG00000240294.2	0	0	0	0	0	0
ENSG00000285859.1	44	35	24	36	23	34
ENSG00000273107.1	18	16	17	17	14	12
ENSG00000151023.16	39	38	27	42	51	50
ENSG00000185875.12	609	656	638	695	674	610
ENSG00000231422.2	0	0	0	0	0	1
ENSG00000233642.1	0	0	0	0	0	0
ENSG00000151025.10	0	7	2	3	2	6
ENSG00000274242.1	0	0	0	0	0	0
ENSG00000222543.1	0	0	0	0	0	0
ENSG00000227465.1	0	0	0	0	0	0
ENSG00000280809.3	4	10	9	2	5	2
ENSG00000271563.1	0	0	0	0	0	0
ENSG00000223019.1	0	0	0	0	0	0
ENSG00000251711.1	0	0	0	0	0	0
ENSG00000226304.1	0	0	0	0	0	0
ENSG00000095777.15	3	0	1	0	1	0
ENSG00000136750.12	0	0	0	0	0	0
ENSG00000284951.1	0	1	0	1	3	1
ENSG00000077420.15	890	1200	800	984	1051	751
ENSG00000199733.1	0	0	0	0	1	1
ENSG00000236894.3	0	0	0	0	0	0
ENSG00000233261.3	0	3	1	1	1	1
ENSG00000234296.1	0	0	0	0	0	0
ENSG00000231976.8	0	1	0	0	0	1
ENSG00000227932.2	0	0	1	0	1	0
ENSG00000279212.1	2	3	1	2	0	2
ENSG00000148459.15	803	946	1025	780	973	933
ENSG00000234788.1	1	2	2	5	3	2
ENSG00000235843.1	1	1	2	1	0	0
ENSG00000136754.17	3968	4689	3847	4397	4255	3613
ENSG00000223027.1	0	0	0	0	0	0
ENSG00000206605.1	0	0	0	0	0	0
ENSG00000283709.1	84	84	81	80	70	69
ENSG00000107890.16	1033	1166	1120	1193	1122	990
ENSG00000199855.1	1	0	0	0	0	0
ENSG00000136758.18	13506	15196	13583	14998	14425	13383
ENSG00000120539.14	2620	2969	2694	3040	2981	2430
ENSG00000252639.1	0	0	0	2	0	1
ENSG00000107897.18	4210	4845	3871	4398	4524	3834
ENSG00000251839.1	0	0	0	0	0	0
ENSG00000262412.1	2	7	4	7	10	3
ENSG00000230445.4	50	41	30	46	23	44
ENSG00000238021.6	2	5	2	1	3	2
ENSG00000278830.1	0	0	0	0	0	0
ENSG00000200369.1	0	0	0	0	0	0
ENSG00000215409.4	0	0	0	0	0	0
ENSG00000207135.1	0	0	0	0	0	0
ENSG00000260151.1	1	0	0	0	0	0
ENSG00000213770.3	1	1	1	2	3	2
ENSG00000237956.1	0	0	0	0	0	0
ENSG00000182077.11	0	0	0	0	0	0
ENSG00000099246.16	6194	6953	5983	6957	6425	6169
ENSG00000285737.1	3	1	4	3	4	2
ENSG00000150051.13	0	0	1	0	0	0
ENSG00000230500.1	0	0	0	0	0	0
ENSG00000251810.1	0	0	0	0	0	0
ENSG00000169126.15	2	1	1	1	3	2
ENSG00000226016.1	0	0	0	0	0	0
ENSG00000233472.1	0	0	0	0	0	0
ENSG00000226395.1	0	0	0	0	0	0
ENSG00000150054.18	11	10	17	7	9	6
ENSG00000275036.1	0	0	0	0	0	0
ENSG00000282996.1	0	0	0	0	0	0
ENSG00000237746.1	0	0	0	0	0	0
ENSG00000222666.2	0	0	0	0	0	0
ENSG00000237128.1	0	0	0	0	0	0
ENSG00000224439.2	0	0	0	0	0	0
ENSG00000222705.1	0	0	0	0	0	0
ENSG00000254635.5	1778	1952	1783	2082	1834	1707
ENSG00000095787.21	8034	8827	7959	8742	8547	7312
ENSG00000252401.1	0	0	0	0	0	0
ENSG00000231911.1	0	0	0	1	0	0
ENSG00000207483.1	0	0	0	0	0	0
ENSG00000095739.10	1756	1919	1576	1737	1919	1571
ENSG00000232624.7	3	2	6	6	1	3
ENSG00000236716.1	0	0	0	0	0	0
ENSG00000201001.1	0	0	0	0	0	0
ENSG00000235824.4	0	0	0	0	0	0
ENSG00000271220.2	0	0	0	0	0	0
ENSG00000199402.1	0	0	0	0	0	0
ENSG00000229605.5	5	2	1	3	0	2
ENSG00000120563.9	0	2	0	0	0	0
ENSG00000224597.10	2150	2287	2011	1980	2001	2081
ENSG00000274985.1	3	4	2	8	5	4
ENSG00000197321.14	2285	2476	2384	2487	2182	2348
ENSG00000207612.1	0	0	0	0	0	0
ENSG00000212411.1	0	0	0	0	0	0
ENSG00000216035.1	0	0	0	0	0	0
ENSG00000225976.5	747	966	905	924	941	794
ENSG00000222092.1	0	0	0	0	0	0
ENSG00000237936.1	0	0	0	0	0	0
ENSG00000165757.8	1548	1551	1802	1806	1447	1809
ENSG00000200887.1	1	0	0	1	0	0
ENSG00000230125.1	0	0	0	0	1	1
ENSG00000259994.1	76	70	57	107	87	57
ENSG00000107951.14	2039	2155	2168	2300	2210	1944
ENSG00000285824.1	0	0	0	0	0	0
ENSG00000250833.1	0	0	0	1	1	0
ENSG00000241621.1	0	0	0	0	0	0
ENSG00000239625.3	0	0	0	0	0	0
ENSG00000284277.1	0	0	0	0	0	0
ENSG00000214434.2	1	0	2	2	0	0
ENSG00000235679.1	0	0	0	0	0	0
ENSG00000224473.1	2	2	0	1	0	0
ENSG00000107968.9	2563	2551	2021	2554	2253	1718
ENSG00000213778.2	2	1	1	0	1	0
ENSG00000228800.1	0	0	0	0	0	0
ENSG00000239744.3	0	0	0	0	0	0
ENSG00000230298.1	0	0	0	0	0	0
ENSG00000285630.1	0	0	0	2	0	0
ENSG00000151033.9	1	0	1	1	0	0
ENSG00000234814.8	13	17	12	22	18	13
ENSG00000230720.1	0	0	0	0	0	0
ENSG00000183621.15	289	314	318	270	295	272
ENSG00000272914.1	11	6	5	5	5	5
ENSG00000237135.1	4	2	4	1	3	4
ENSG00000272381.1	0	0	0	0	0	0
ENSG00000237036.4	186	207	161	190	166	183
ENSG00000252479.1	0	0	0	0	0	0
ENSG00000148516.21	1631	1901	1771	1729	1816	1661
ENSG00000230397.1	238	250	259	255	237	232
ENSG00000285781.1	0	0	0	0	0	0
ENSG00000223834.3	1	1	0	0	0	1
ENSG00000231855.1	0	0	0	0	0	0
ENSG00000237797.1	0	0	0	0	0	0
ENSG00000222412.1	0	0	0	0	0	0
ENSG00000165322.17	4246	4223	3871	4800	4099	3497
ENSG00000231148.1	0	0	0	0	0	0
ENSG00000230240.1	0	1	0	0	0	0
ENSG00000239731.3	0	0	1	0	1	0
ENSG00000170759.10	16992	19645	18550	18656	18333	17316
ENSG00000206660.1	1	0	1	3	0	1
ENSG00000234335.1	33	19	18	35	19	11
ENSG00000235113.1	0	0	0	1	0	0
ENSG00000234811.1	0	0	0	0	0	0
ENSG00000252482.1	0	0	0	0	0	0
ENSG00000217094.2	6279	7081	6524	6185	6975	5672
ENSG00000233190.1	0	1	0	0	2	2
ENSG00000227253.3	1	0	0	5	2	0
ENSG00000120616.15	1791	1942	1697	2013	1749	1522
ENSG00000226842.1	0	0	0	0	0	0
ENSG00000233825.1	1	1	0	1	0	1
ENSG00000229327.1	0	0	0	0	0	0
ENSG00000200484.1	0	0	0	0	0	0
ENSG00000216937.13	161	162	146	183	156	147
ENSG00000231245.2	235	223	206	238	237	202
ENSG00000273038.2	414	483	469	542	409	456
ENSG00000150093.18	150930	163073	149415	164720	153848	141282
ENSG00000228816.1	0	0	0	0	0	0
ENSG00000229656.6	612	572	509	678	553	509
ENSG00000234163.1	0	0	0	0	0	0
ENSG00000265319.2	0	0	0	0	0	0
ENSG00000229878.1	0	0	0	0	0	0
ENSG00000235962.5	12	15	11	10	17	5
ENSG00000233387.1	0	0	0	0	1	0
ENSG00000099250.17	19057	19770	17436	23316	19380	17111
ENSG00000238258.1	168	152	54	246	134	148
ENSG00000244356.3	0	2	0	0	0	0
ENSG00000273012.1	2	1	1	2	0	2
ENSG00000226412.1	0	0	0	0	0	0
ENSG00000203565.2	0	0	1	0	1	1
ENSG00000261683.1	0	0	0	0	0	0
ENSG00000226407.1	0	0	0	0	0	0
ENSG00000223470.3	0	0	0	0	0	0
ENSG00000148498.15	11861	13937	10831	13324	13273	9878
ENSG00000199200.2	0	0	0	0	0	0
ENSG00000234167.1	0	0	0	0	0	0
ENSG00000229235.1	0	0	1	0	0	0
ENSG00000215184.2	0	1	0	0	0	0
ENSG00000226386.1	23	15	7	27	19	17
ENSG00000232525.1	0	0	0	0	0	0
ENSG00000223047.1	0	0	0	0	0	0
ENSG00000222909.1	0	0	0	0	0	0
ENSG00000213724.4	0	0	0	0	0	0
ENSG00000283000.1	0	0	0	0	0	0
ENSG00000108094.14	3324	3573	3342	3402	3190	3018
ENSG00000266228.1	0	0	0	0	0	0
ENSG00000230534.6	7	2	6	9	7	4
ENSG00000095794.19	1640	1700	1439	1700	1662	1438
ENSG00000253054.1	0	0	0	0	0	0
ENSG00000233343.1	0	0	1	1	2	0
ENSG00000269952.1	5	15	10	11	5	10
ENSG00000233200.1	0	0	0	0	0	0
ENSG00000253070.1	0	0	0	0	0	1
ENSG00000108100.17	3428	3742	2928	3621	3452	2969
ENSG00000200097.1	0	0	0	0	0	0
ENSG00000271335.5	68	56	72	77	44	58
ENSG00000273312.2	0	1	0	1	0	0
ENSG00000177291.3	3	1	1	2	3	0
ENSG00000177283.7	1884	2168	1342	1995	1794	1418
ENSG00000284265.1	0	0	0	0	0	0
ENSG00000226646.1	5	3	4	2	1	0
ENSG00000280719.1	0	0	0	0	1	2
ENSG00000227313.1	0	0	0	0	0	0
ENSG00000227475.1	0	0	0	0	0	0
ENSG00000236626.1	0	0	0	0	0	0
ENSG00000228694.1	0	0	0	0	0	0
ENSG00000237002.6	0	0	0	0	0	0
ENSG00000274458.1	0	0	0	0	0	0
ENSG00000229644.6	4953	6748	6599	6358	7015	6142
ENSG00000207271.1	0	0	0	0	0	0
ENSG00000238176.1	0	0	0	0	0	0
ENSG00000233533.1	0	0	0	0	0	0
ENSG00000225355.1	5	0	3	4	0	1
ENSG00000148513.17	110	138	109	149	107	100
ENSG00000206796.1	0	0	0	0	0	0
ENSG00000234918.1	13	20	19	22	12	6
ENSG00000235687.9	54	53	37	40	40	42
ENSG00000244402.3	1	0	0	0	0	1
ENSG00000252621.1	0	0	0	0	0	0
ENSG00000237970.1	2	1	1	2	4	3
ENSG00000236313.1	2	2	3	7	2	3
ENSG00000224920.1	1	1	1	0	0	2
ENSG00000225276.1	0	0	0	0	0	0
ENSG00000256892.2	0	0	0	1	0	0
ENSG00000226578.1	5	2	1	1	2	0
ENSG00000198105.13	912	1141	911	1048	1020	907
ENSG00000260137.1	0	0	0	0	0	0
ENSG00000225192.1	0	0	1	1	0	1
ENSG00000228828.1	7	8	15	7	8	5
ENSG00000236514.1	8	7	6	6	7	6
ENSG00000151963.4	0	0	0	0	0	0
ENSG00000235197.1	0	0	0	0	0	0
ENSG00000175395.15	432	486	414	452	412	365
ENSG00000226447.1	0	1	0	0	0	0
ENSG00000206840.1	0	0	0	0	0	0
ENSG00000189180.15	2334	2379	2139	2728	2241	1934
ENSG00000252132.1	0	0	0	0	0	0
ENSG00000275675.1	0	0	0	0	0	0
ENSG00000226086.5	22	33	19	29	33	19
ENSG00000235964.1	1	0	0	0	0	0
ENSG00000075407.18	1887	2234	2154	2321	2055	2006
ENSG00000283930.1	48	39	22	50	40	28
ENSG00000272983.1	5	3	2	4	1	4
ENSG00000225965.1	0	0	0	0	0	0
ENSG00000224761.4	0	0	0	0	0	0
ENSG00000226113.1	0	0	0	0	0	0
ENSG00000234941.1	0	0	0	0	0	0
ENSG00000099251.14	221	266	183	221	299	152
ENSG00000120555.13	22	33	19	29	25	28
ENSG00000276805.2	505	540	501	568	517	424
ENSG00000222314.1	0	0	0	0	0	0
ENSG00000228882.1	0	0	0	0	0	0
ENSG00000203496.9	21	16	20	14	12	22
ENSG00000215151.4	0	0	0	0	0	0
ENSG00000277133.1	6	11	5	13	9	6
ENSG00000225638.1	0	0	0	0	0	0
ENSG00000233867.2	0	0	0	0	0	0
ENSG00000227264.3	0	0	0	0	0	0
ENSG00000234541.2	1	0	0	0	0	0
ENSG00000227679.1	0	0	0	0	0	0
ENSG00000233832.1	0	1	0	0	0	0
ENSG00000229485.1	0	0	0	0	0	0
ENSG00000237592.2	0	0	0	0	0	0
ENSG00000271650.1	0	1	0	0	0	0
ENSG00000274167.4	0	0	0	0	0	0
ENSG00000228755.1	0	0	0	0	0	0
ENSG00000215146.5	0	0	0	0	0	0
ENSG00000182632.15	0	0	0	1	0	0
ENSG00000279239.1	0	0	0	0	0	0
ENSG00000185904.11	2	7	4	0	1	1
ENSG00000234420.7	1332	1495	1130	1599	1397	1078
ENSG00000270762.1	0	0	0	0	0	0
ENSG00000233837.1	149	145	146	132	155	128
ENSG00000196693.14	1037	932	981	1182	907	860
ENSG00000277479.1	0	0	0	0	0	0
ENSG00000272319.2	0	0	0	0	0	0
ENSG00000272387.2	0	0	0	0	0	0
ENSG00000251783.1	0	0	0	0	0	0
ENSG00000285884.1	3	3	4	6	5	8
ENSG00000232109.1	0	0	0	0	0	0
ENSG00000233515.1	0	0	0	0	0	0
ENSG00000231009.1	0	0	0	0	0	0
ENSG00000234864.1	0	0	0	0	0	0
ENSG00000230425.1	0	1	0	1	0	1
ENSG00000270552.1	0	0	0	0	0	0
ENSG00000259869.2	2	2	1	4	0	3
ENSG00000165733.7	6457	7270	7340	6829	7301	6750
ENSG00000252416.1	0	0	0	0	0	0
ENSG00000234944.1	0	0	0	0	0	0
ENSG00000229630.1	0	0	0	0	0	0
ENSG00000263795.1	0	0	0	0	0	0
ENSG00000165731.18	55	55	28	69	50	29
ENSG00000273008.1	18	29	20	38	28	19
ENSG00000169826.7	1549	1825	1480	1749	1602	1478
ENSG00000198915.11	235	356	209	226	302	218
ENSG00000224265.1	2	3	1	1	1	3
ENSG00000285712.1	12	13	7	12	6	8
ENSG00000221468.1	0	0	0	0	0	0
ENSG00000150201.14	0	1	1	0	1	1
ENSG00000169813.16	20110	23622	20784	22532	23227	19842
ENSG00000221400.2	0	0	0	0	0	0
ENSG00000230555.2	136	192	147	157	159	146
ENSG00000243660.9	226	207	171	233	224	144
ENSG00000252532.1	0	0	0	0	0	0
ENSG00000236114.1	1	0	0	1	0	1
ENSG00000196793.13	306	294	349	340	264	336
ENSG00000232004.1	140	145	147	140	132	146
ENSG00000198298.12	154	197	191	162	159	159
ENSG00000223910.1	0	0	1	1	0	1
ENSG00000237389.1	0	0	0	0	0	0
ENSG00000238263.1	0	0	0	0	0	0
ENSG00000169740.13	1066	978	782	992	885	754
ENSG00000226245.1	0	0	0	0	0	0
ENSG00000230565.1	1	2	3	3	0	1
ENSG00000228426.1	0	0	0	0	0	0
ENSG00000271173.1	0	0	0	0	0	0
ENSG00000224162.1	0	0	0	0	0	0
ENSG00000223746.1	0	0	0	0	0	1
ENSG00000234973.5	0	0	0	0	0	0
ENSG00000226790.3	244	238	207	303	227	212
ENSG00000226808.2	0	0	2	0	0	0
ENSG00000236769.2	0	0	0	0	0	0
ENSG00000227029.1	0	0	0	0	0	0
ENSG00000233395.1	0	0	0	0	0	0
ENSG00000237590.1	0	0	0	0	0	0
ENSG00000229116.2	0	0	0	0	0	0
ENSG00000277288.4	0	0	0	0	0	0
ENSG00000107562.16	23	16	6	30	20	12
ENSG00000214089.3	12	2	13	9	3	7
ENSG00000270767.1	35	37	27	40	38	37
ENSG00000234580.1	0	0	0	0	0	0
ENSG00000227395.1	0	0	0	0	0	0
ENSG00000224812.2	1	1	0	0	1	1
ENSG00000234504.2	0	0	0	0	0	0
ENSG00000187783.11	0	0	0	0	0	0
ENSG00000223462.2	0	0	0	0	0	0
ENSG00000273363.1	9	9	10	20	17	12
ENSG00000107551.20	283	229	188	258	221	158
ENSG00000165507.8	36	40	17	47	48	24
ENSG00000165511.6	7	2	6	5	5	5
ENSG00000165512.4	850	937	868	952	823	835
ENSG00000226937.9	3	8	2	10	2	2
ENSG00000277757.4	0	0	0	0	0	0
ENSG00000270258.1	0	0	0	0	0	0
ENSG00000228462.1	5	9	2	3	3	2
ENSG00000232554.8	0	0	0	0	0	0
ENSG00000235690.2	0	0	0	0	0	0
ENSG00000243349.2	0	0	0	0	0	0
ENSG00000236442.1	0	0	0	0	0	0
ENSG00000230501.1	0	0	0	0	0	0
ENSG00000263476.1	0	0	0	0	0	0
ENSG00000227683.1	0	0	0	0	0	0
ENSG00000275312.1	0	0	0	0	0	0
ENSG00000278531.1	0	0	0	0	0	0
ENSG00000207071.1	0	0	0	0	0	0
ENSG00000234993.1	0	0	0	0	0	0
ENSG00000224402.2	1	0	3	3	3	2
ENSG00000256574.7	0	0	0	0	0	0
ENSG00000012779.10	19	15	7	12	7	6
ENSG00000231964.1	0	1	0	1	0	0
ENSG00000165406.15	1787	1832	1519	2105	1815	1425
ENSG00000172671.19	262	335	276	315	316	268
ENSG00000230869.1	27	36	34	30	26	30
ENSG00000237840.6	19	24	17	28	22	29
ENSG00000228702.1	2	2	7	4	6	2
ENSG00000172661.18	2020	2314	1790	2136	2318	1733
ENSG00000270434.1	0	0	0	1	0	0
ENSG00000231122.5	0	0	1	1	0	0
ENSG00000188234.13	128	149	136	158	146	136
ENSG00000239883.8	221	238	195	238	233	232
ENSG00000239152.1	0	0	0	0	0	0
ENSG00000264217.2	0	0	0	0	0	0
ENSG00000265354.3	5069	5769	5852	5519	5728	5411
ENSG00000265733.1	1	1	1	1	0	0
ENSG00000266412.5	9401	10624	9147	10262	9645	8795
ENSG00000263639.5	1	0	0	1	1	0
ENSG00000280012.2	4	4	5	4	1	4
ENSG00000264204.2	1	0	0	0	0	0
ENSG00000263482.3	1	0	0	0	1	1
ENSG00000274209.4	33	30	15	41	29	23
ENSG00000279058.2	6	1	1	1	2	2
ENSG00000273225.4	0	0	0	0	0	0
ENSG00000279458.2	3	3	1	5	7	6
ENSG00000264230.8	1048	1135	945	1197	1038	945
ENSG00000285402.1	14	22	16	20	20	11
ENSG00000285294.1	746	738	790	841	732	799
ENSG00000213412.3	107	81	130	123	83	124
ENSG00000204174.7	997	1345	1201	1323	1292	1206
ENSG00000204175.5	2492	2987	2383	2710	2724	2470
ENSG00000204176.13	27	33	30	28	26	25
ENSG00000231187.2	100	109	80	95	82	84
ENSG00000229227.8	3	2	1	1	3	0
ENSG00000165874.13	1	1	3	2	0	0
ENSG00000272430.1	1	0	0	1	1	0
ENSG00000229927.2	3	9	6	6	2	6
ENSG00000274186.1	0	0	0	0	0	0
ENSG00000285662.1	0	0	0	0	0	0
ENSG00000280913.2	0	0	0	0	0	0
ENSG00000265366.6	12	15	8	19	9	9
ENSG00000215097.3	0	0	2	2	0	0
ENSG00000204177.10	140	129	148	144	124	126
ENSG00000238405.1	0	0	0	0	1	0
ENSG00000243289.1	5	2	7	3	3	1
ENSG00000150175.13	3	5	9	6	6	6
ENSG00000204179.10	278	358	312	297	307	307
ENSG00000266524.2	8	10	3	13	5	15
ENSG00000263761.2	0	0	0	0	0	0
ENSG00000265203.1	0	0	0	0	0	0
ENSG00000265763.3	962	1277	984	865	1074	1000
ENSG00000265190.6	780	854	699	894	724	762
ENSG00000270369.1	0	1	1	0	1	0
ENSG00000189090.7	0	0	1	0	0	0
ENSG00000224919.1	1	0	0	0	0	0
ENSG00000204172.12	204	192	225	253	225	186
ENSG00000254929.6	4	3	5	8	5	2
ENSG00000252877.1	0	0	0	0	0	0
ENSG00000251079.6	28	38	31	31	29	24
ENSG00000265630.2	2	3	4	2	1	5
ENSG00000215065.3	0	1	1	0	0	2
ENSG00000266217.2	0	0	0	0	0	0
ENSG00000264404.2	0	0	0	0	0	0
ENSG00000189014.7	12	19	16	11	17	5
ENSG00000276544.1	0	0	0	0	0	0
ENSG00000226964.1	136	196	152	215	189	150
ENSG00000277758.4	59	71	79	78	73	67
ENSG00000276850.4	1518	1778	1638	1895	1605	1634
ENSG00000264717.5	492	575	558	589	550	536
ENSG00000273760.1	956	1028	1334	1185	1026	1226
ENSG00000276430.2	0	0	0	0	0	0
ENSG00000265018.6	23	30	25	33	41	32
ENSG00000252149.1	0	0	0	0	0	0
ENSG00000270025.2	6	6	6	16	12	8
ENSG00000278561.1	2	3	2	4	7	2
ENSG00000170324.20	0	3	2	3	5	3
ENSG00000285786.1	0	0	0	0	0	0
ENSG00000225482.1	0	0	0	0	0	0
ENSG00000107643.16	2124	2195	2011	2529	2186	1785
ENSG00000279822.1	14	17	13	13	14	9
ENSG00000128805.14	245	273	265	259	294	246
ENSG00000248682.1	0	0	0	0	0	0
ENSG00000231906.1	0	3	1	1	2	0
ENSG00000251413.1	0	0	0	0	0	0
ENSG00000236800.1	0	0	0	0	0	0
ENSG00000128815.19	0	1	1	0	0	0
ENSG00000228754.1	0	1	0	0	0	0
ENSG00000228403.1	0	0	0	0	0	0
ENSG00000241577.1	0	0	0	0	0	0
ENSG00000165383.11	0	0	0	0	0	0
ENSG00000233665.8	0	0	0	0	0	0
ENSG00000226576.1	0	0	0	0	0	0
ENSG00000264800.1	0	0	0	0	0	0
ENSG00000165633.12	97	129	50	130	113	79
ENSG00000234736.5	0	0	0	0	0	0
ENSG00000172538.6	0	0	0	0	0	0
ENSG00000204161.13	0	0	0	0	0	0
ENSG00000236208.1	0	0	0	0	0	0
ENSG00000177354.11	0	0	0	0	0	0
ENSG00000165606.8	0	0	0	0	0	0
ENSG00000235939.1	0	0	0	0	0	0
ENSG00000225830.12	984	1104	974	1057	979	920
ENSG00000271237.1	0	0	0	0	0	0
ENSG00000070748.18	0	0	0	0	0	0
ENSG00000187714.6	0	0	2	0	0	0
ENSG00000178645.12	0	0	0	0	0	0
ENSG00000197444.9	26	34	19	44	52	23
ENSG00000226389.3	8	14	6	11	13	15
ENSG00000229870.1	0	0	0	0	0	0
ENSG00000227345.8	2063	2530	2145	2125	2491	2111
ENSG00000230166.1	0	0	0	0	0	0
ENSG00000204152.10	526	536	535	645	541	515
ENSG00000223111.1	0	0	0	2	0	0
ENSG00000178440.5	16	18	27	23	20	17
ENSG00000222108.1	0	0	0	0	0	0
ENSG00000285803.1	1	0	0	0	0	1
ENSG00000204149.10	554	506	530	599	506	480
ENSG00000235618.8	10	8	6	7	9	13
ENSG00000226631.1	0	0	0	1	0	0
ENSG00000099290.16	1052	1195	947	1137	1139	850
ENSG00000233011.1	0	0	0	0	0	0
ENSG00000188611.14	40	37	43	35	30	32
ENSG00000225137.1	1885	1925	1873	1951	2058	1548
ENSG00000198964.13	2120	2296	1881	2234	2062	1911
ENSG00000279863.1	0	0	0	0	0	0
ENSG00000225303.2	0	0	0	0	0	0
ENSG00000238523.1	0	0	0	0	0	0
ENSG00000226200.6	219	139	144	234	151	119
ENSG00000231588.1	4	1	0	2	5	3
ENSG00000231345.3	1	3	3	3	0	0
ENSG00000232706.3	0	0	0	0	1	0
ENSG00000226168.1	0	0	0	0	0	0
ENSG00000230011.2	0	0	0	0	0	0
ENSG00000213667.3	7	5	9	9	7	5
ENSG00000204147.10	298	359	352	355	340	326
ENSG00000148584.14	30	44	35	36	43	38
ENSG00000229711.1	0	0	0	0	0	0
ENSG00000236944.1	0	0	0	0	0	0
ENSG00000261368.1	0	0	0	0	0	0
ENSG00000185532.16	0	0	0	0	0	0
ENSG00000223502.1	0	0	0	0	0	0
ENSG00000231132.1	0	0	0	0	0	0
ENSG00000207813.1	0	0	0	0	0	0
ENSG00000235279.1	0	0	0	0	0	0
ENSG00000213659.4	0	0	0	0	0	0
ENSG00000177613.8	3047	3253	2884	3360	3145	2763
ENSG00000236671.8	49	70	70	77	84	59
ENSG00000107984.9	5812	6944	6312	6506	7111	6293
ENSG00000213657.3	3	0	0	0	1	0
ENSG00000227972.1	11	12	12	18	14	12
ENSG00000231131.7	410	533	518	403	590	516
ENSG00000165471.6	0	0	0	0	0	0
ENSG00000201196.1	0	0	0	0	0	0
ENSG00000285958.1	0	0	0	0	0	0
ENSG00000227121.1	0	0	0	0	0	0
ENSG00000231399.1	0	0	0	0	0	0
ENSG00000226296.1	0	0	0	0	0	0
ENSG00000252161.1	0	0	0	0	0	0
ENSG00000233805.1	0	0	0	0	0	0
ENSG00000150275.18	0	0	1	1	1	0
ENSG00000252252.1	0	0	0	0	0	0
ENSG00000234173.1	0	0	0	0	0	0
ENSG00000224697.1	0	0	0	0	0	0
ENSG00000221594.1	0	0	0	0	0	0
ENSG00000236958.1	0	0	0	0	0	0
ENSG00000236744.2	0	0	0	0	0	0
ENSG00000223800.1	0	0	0	0	0	0
ENSG00000228048.1	0	0	0	0	0	0
ENSG00000249860.3	0	0	1	0	0	0
ENSG00000236993.2	4	1	2	3	4	0
ENSG00000270541.1	0	0	0	0	0	0
ENSG00000122952.16	6146	7092	6702	6950	7478	6337
ENSG00000238707.1	0	0	0	0	0	0
ENSG00000264747.1	0	0	0	0	0	0
ENSG00000235810.1	0	0	0	0	0	0
ENSG00000223841.1	0	0	0	0	0	0
ENSG00000270192.1	0	0	0	0	0	0
ENSG00000232115.1	0	0	0	0	0	1
ENSG00000151151.5	765	784	736	1021	754	678
ENSG00000180221.6	1	0	0	0	0	1
ENSG00000122873.11	2026	2218	2110	2178	2216	1922
ENSG00000228527.1	4	6	7	7	4	4
ENSG00000261076.1	0	0	0	0	0	0
ENSG00000072401.14	1747	1933	1578	1989	1840	1600
ENSG00000108064.10	5432	5980	5846	6690	5947	5463
ENSG00000122870.11	12448	13656	11597	13694	12404	10544
ENSG00000183055.5	40	43	43	40	51	44
ENSG00000252076.1	0	0	0	0	0	0
ENSG00000237949.1	1	0	0	2	1	0
ENSG00000226888.2	0	0	0	0	0	0
ENSG00000226557.1	4	2	7	10	5	8
ENSG00000165443.11	38	48	47	40	35	46
ENSG00000148541.12	1	0	1	0	0	4
ENSG00000236556.1	0	0	0	0	0	0
ENSG00000235469.1	0	0	0	0	0	0
ENSG00000235140.2	0	0	0	0	0	0
ENSG00000165449.11	6	5	7	13	8	5
ENSG00000227877.6	0	1	0	2	0	0
ENSG00000108091.10	4730	5475	4764	5137	4986	4427
ENSG00000235931.2	0	0	0	0	0	0
ENSG00000151150.21	70	76	56	81	82	54
ENSG00000232682.2	0	0	0	0	1	0
ENSG00000202190.1	0	0	0	0	0	0
ENSG00000282121.1	0	1	0	0	0	0
ENSG00000122872.8	0	0	0	2	0	0
ENSG00000254271.1	0	0	0	0	0	0
ENSG00000170312.15	5839	7218	7139	7368	7257	6562
ENSG00000072422.16	953	990	877	1232	1102	797
ENSG00000223107.1	0	0	0	0	0	0
ENSG00000227244.2	0	0	0	0	1	0
ENSG00000196932.11	9	6	1	7	5	3
ENSG00000237233.2	0	0	1	0	0	1
ENSG00000183346.7	35	19	31	30	19	16
ENSG00000272592.1	0	0	0	0	0	0
ENSG00000233643.2	0	0	0	1	0	0
ENSG00000150347.15	209	186	200	221	178	128
ENSG00000182010.10	303	378	315	369	314	265
ENSG00000234756.1	0	0	0	0	0	0
ENSG00000240940.3	0	0	0	0	0	0
ENSG00000138311.16	116	131	94	114	83	95
ENSG00000285837.1	0	0	0	0	0	0
ENSG00000285551.1	0	0	0	0	0	0
ENSG00000238280.2	4	4	6	6	3	4
ENSG00000234489.1	0	0	0	0	0	0
ENSG00000181915.4	2666	2937	2376	2921	2798	2436
ENSG00000122877.15	6	1	1	1	0	2
ENSG00000199446.1	0	0	0	0	0	0
ENSG00000224301.1	0	0	0	0	0	0
ENSG00000148572.15	1241	1382	1274	1393	1299	1142
ENSG00000171988.18	2739	2921	2617	3065	2723	2308
ENSG00000234369.1	136	150	175	176	115	127
ENSG00000270421.1	0	0	0	0	0	0
ENSG00000221063.3	0	0	0	0	0	0
ENSG00000235816.3	5	6	6	5	6	8
ENSG00000272767.1	61	60	51	72	55	46
ENSG00000224412.1	0	0	0	0	0	0
ENSG00000165476.13	3575	4368	3049	3782	3574	3355
ENSG00000232075.1	0	0	0	0	0	0
ENSG00000270352.1	0	0	0	0	0	0
ENSG00000228566.1	0	0	0	1	0	0
ENSG00000213609.3	550	654	656	662	604	547
ENSG00000226426.1	0	0	0	0	0	0
ENSG00000235489.4	181	198	200	200	200	194
ENSG00000233900.1	0	0	0	0	0	0
ENSG00000270648.1	0	0	0	0	0	0
ENSG00000216740.2	40	38	33	36	21	22
ENSG00000224714.2	0	0	0	0	0	0
ENSG00000270754.1	0	0	0	0	0	0
ENSG00000282906.1	0	0	0	0	0	0
ENSG00000227173.1	0	2	0	0	2	0
ENSG00000233724.1	0	0	0	0	0	0
ENSG00000235356.2	0	0	0	0	0	0
ENSG00000228065.10	158	164	150	183	156	146
ENSG00000183230.16	0	0	0	0	0	0
ENSG00000273360.1	0	0	0	0	0	0
ENSG00000277056.1	0	0	0	0	0	0
ENSG00000198739.10	0	0	0	0	0	0
ENSG00000225299.1	0	0	0	0	0	0
ENSG00000226448.1	0	0	0	0	0	0
ENSG00000276866.1	0	0	0	0	0	0
ENSG00000213606.3	2005	2319	1697	1832	1988	1639
ENSG00000225922.1	0	0	0	0	0	0
ENSG00000108176.14	826	869	564	1149	887	640
ENSG00000212520.1	0	0	0	0	0	0
ENSG00000239942.2	0	0	0	1	0	0
ENSG00000237141.1	0	0	0	0	0	0
ENSG00000272892.1	17	12	16	9	4	16
ENSG00000252113.2	0	0	0	0	0	0
ENSG00000219932.6	609	589	502	576	593	520
ENSG00000096717.11	2576	2758	2481	3212	2642	2319
ENSG00000148634.15	5954	6710	7532	6457	6449	6712
ENSG00000226318.1	12	8	17	17	6	11
ENSG00000266467.2	0	0	0	1	0	0
ENSG00000236375.3	0	0	0	1	0	0
ENSG00000138347.15	404	357	379	292	343	418
ENSG00000222371.1	0	0	0	0	0	1
ENSG00000179774.8	4	10	6	10	7	9
ENSG00000233590.1	0	0	0	0	0	0
ENSG00000234102.1	0	0	0	0	0	0
ENSG00000108187.15	386	415	346	586	444	314
ENSG00000096746.17	21562	21724	21150	24662	22816	21739
ENSG00000204130.13	1290	1266	1156	1416	1218	1171
ENSG00000138346.14	1781	2197	2030	2139	2143	1850
ENSG00000234806.1	12	14	12	16	14	10
ENSG00000199638.1	0	0	0	0	0	0
ENSG00000122912.14	731	941	854	949	924	748
ENSG00000226493.1	26	8	14	24	6	5
ENSG00000207438.1	0	0	0	0	0	0
ENSG00000214881.4	68	70	93	96	105	112
ENSG00000138336.8	178	195	175	225	203	150
ENSG00000213025.2	145	171	132	154	143	154
ENSG00000227583.1	0	1	0	0	0	0
ENSG00000260400.1	23	37	11	40	14	12
ENSG00000270494.1	0	0	0	0	0	0
ENSG00000060339.13	9980	11164	9987	10925	10565	9087
ENSG00000195401.2	0	0	0	0	0	0
ENSG00000283551.1	1	0	0	0	0	0
ENSG00000221184.1	88	59	56	86	80	64
ENSG00000165730.15	82	122	80	108	118	92
ENSG00000200218.1	0	0	0	0	0	0
ENSG00000285871.1	0	0	0	0	0	0
ENSG00000107625.12	3133	3404	3213	3414	3510	2864
ENSG00000206855.1	0	0	0	0	0	0
ENSG00000165732.12	20477	23067	25485	24053	23858	23034
ENSG00000198954.7	3224	3680	3179	3276	3248	3134
ENSG00000214875.2	0	5	3	0	1	1
ENSG00000229001.1	2	0	2	2	1	2
ENSG00000122862.4	2253	2567	2685	2609	2756	2704
ENSG00000274008.1	1	0	2	3	5	4
ENSG00000122958.14	4873	5706	4614	5869	5289	4511
ENSG00000233163.1	0	0	0	0	0	0
ENSG00000156502.13	2132	2405	2211	2231	2243	2035
ENSG00000229261.1	15	17	32	21	27	22
ENSG00000156510.12	2981	4514	4247	3160	4566	3915
ENSG00000231748.1	0	0	3	0	2	0
ENSG00000156515.23	6522	8912	6842	6035	8477	6474
ENSG00000229197.1	0	1	0	0	0	0
ENSG00000075073.14	10	7	15	4	6	6
ENSG00000232734.1	1	0	1	0	0	1
ENSG00000099282.9	3198	3238	3513	3253	3049	3212
ENSG00000233197.1	0	0	0	0	0	0
ENSG00000122859.4	0	0	1	0	0	0
ENSG00000236154.1	1	1	1	1	3	1
ENSG00000230755.1	0	0	0	0	0	0
ENSG00000235803.1	0	0	0	0	0	0
ENSG00000235524.1	0	0	0	0	0	0
ENSG00000231152.1	0	0	0	0	0	0
ENSG00000226794.1	0	0	0	0	0	0
ENSG00000171224.8	884	939	800	844	931	725
ENSG00000235645.2	0	0	0	0	0	0
ENSG00000230469.1	1	0	0	0	0	0
ENSG00000197467.14	36	12	18	27	19	19
ENSG00000224222.1	1	1	0	0	0	2
ENSG00000099284.13	2217	2361	1987	2651	2407	1839
ENSG00000042286.14	4451	4845	4492	4697	4746	4343
ENSG00000156521.13	2744	3173	2334	2751	2850	2325
ENSG00000079332.14	6608	7196	6425	7340	6707	6289
ENSG00000229097.1	271	238	250	231	257	258
ENSG00000232142.1	0	1	1	0	0	1
ENSG00000180817.11	9151	10060	10305	10054	10079	9466
ENSG00000148734.7	2	1	0	0	1	0
ENSG00000172731.13	1901	2195	1852	2148	2219	1780
ENSG00000224725.3	15	22	20	29	27	27
ENSG00000148730.6	3472	4118	3546	4098	3834	3405
ENSG00000156574.9	0	0	0	2	0	1
ENSG00000280401.1	14	9	7	11	8	9
ENSG00000107719.8	1087	1141	1007	1175	1054	1030
ENSG00000230661.1	0	0	0	0	0	0
ENSG00000180644.7	1	0	1	0	0	0
ENSG00000138316.10	11	9	11	15	11	26
ENSG00000166220.12	0	0	0	0	0	0
ENSG00000231366.1	0	0	0	0	0	0
ENSG00000166224.16	6648	6680	5992	7266	6050	5851
ENSG00000166228.8	7057	7324	7216	7413	7469	7062
ENSG00000285300.1	0	0	0	0	0	0
ENSG00000271409.1	0	0	0	0	0	0
ENSG00000259267.2	0	0	0	0	0	0
ENSG00000107731.12	40	41	68	42	54	49
ENSG00000237512.6	0	0	0	0	1	0
ENSG00000198246.8	814	1027	864	929	905	823
ENSG00000279406.1	94	109	83	91	95	84
ENSG00000107736.20	233	277	200	278	249	179
ENSG00000223817.1	0	0	0	0	0	0
ENSG00000214688.5	1	0	1	0	0	2
ENSG00000107738.19	2395	2240	2413	1876	1978	2358
ENSG00000274824.1	0	0	0	0	0	0
ENSG00000197746.13	66408	72457	56788	68824	68385	57309
ENSG00000238446.1	0	0	0	0	0	0
ENSG00000230526.1	9	16	14	19	9	10
ENSG00000122863.5	5457	6979	6050	5803	6060	6134
ENSG00000272988.1	0	0	0	0	1	0
ENSG00000107742.12	157	157	111	148	155	148
ENSG00000138303.17	3186	3383	3014	3528	3291	2950
ENSG00000200294.1	0	0	0	0	0	0
ENSG00000226701.1	17	10	7	13	9	12
ENSG00000166295.8	5764	6003	5253	6279	5908	5117
ENSG00000200170.1	5	6	4	13	4	3
ENSG00000168209.4	13954	15515	11115	18944	16830	13125
ENSG00000269926.1	88	116	18	166	73	76
ENSG00000148719.14	3300	3542	3194	3547	3336	3000
ENSG00000107745.18	4227	5138	3709	4613	4719	3873
ENSG00000202513.1	0	0	0	0	0	0
ENSG00000282915.1	0	0	0	0	0	0
ENSG00000276531.1	0	0	0	0	0	0
ENSG00000226163.1	0	0	0	0	0	0
ENSG00000230609.1	0	0	0	0	0	0
ENSG00000272536.2	0	0	0	0	0	0
ENSG00000231471.1	0	0	0	0	0	0
ENSG00000238215.1	0	0	0	0	0	0
ENSG00000201881.1	0	0	0	0	0	0
ENSG00000156026.14	3991	4737	3993	4374	4650	3597
ENSG00000266719.1	0	0	0	0	0	0
ENSG00000280166.1	0	0	0	0	0	0
ENSG00000279502.1	0	0	0	0	0	0
ENSG00000272627.1	3	4	4	12	5	4
ENSG00000138315.12	9	8	10	12	12	5
ENSG00000215086.2	1102	1319	1416	1223	1336	1201
ENSG00000138308.5	0	0	0	0	1	0
ENSG00000213700.3	45	36	48	48	34	45
ENSG00000122884.12	2316	2634	2144	2980	2582	1972
ENSG00000232646.1	0	0	0	0	0	0
ENSG00000237768.2	1	1	0	4	1	0
ENSG00000201047.1	0	0	0	0	0	0
ENSG00000272630.1	10	12	11	13	12	10
ENSG00000166321.13	315	302	315	320	296	249
ENSG00000272599.2	240	224	194	234	198	185
ENSG00000221164.1	111	141	115	135	113	108
ENSG00000122882.10	2697	2950	2858	2864	2940	2588
ENSG00000138286.14	790	755	657	935	789	615
ENSG00000213551.4	5448	6108	5774	5994	6243	5625
ENSG00000199201.1	0	0	0	0	0	0
ENSG00000227382.1	1	9	5	2	4	4
ENSG00000236756.4	21	13	16	21	23	8
ENSG00000182180.13	7816	9032	7904	8875	8833	7763
ENSG00000227540.1	143	134	122	136	150	93
ENSG00000156042.17	59	68	51	56	57	60
ENSG00000200356.1	0	0	0	1	0	0
ENSG00000207473.1	0	0	0	1	0	0
ENSG00000138279.15	7542	8403	7637	7890	8382	7473
ENSG00000233144.1	28	20	15	40	23	6
ENSG00000229659.1	249	270	313	285	286	227
ENSG00000166343.9	63	65	53	70	45	54
ENSG00000107758.15	2430	2468	2349	2718	2485	2231
ENSG00000221817.9	391	317	339	394	345	313
ENSG00000166348.18	1466	1530	1446	1526	1601	1334
ENSG00000207327.1	1	0	2	1	1	1
ENSG00000237139.1	0	0	0	0	0	0
ENSG00000268584.1	57	61	60	69	57	55
ENSG00000272791.1	12	17	10	21	14	14
ENSG00000177791.11	1	0	0	0	1	0
ENSG00000166317.11	1	0	2	3	1	2
ENSG00000271848.1	0	0	0	0	0	0
ENSG00000172650.13	23	17	29	27	21	14
ENSG00000242288.9	0	0	0	0	0	0
ENSG00000271816.1	19	24	34	33	21	25
ENSG00000272140.2	27	19	35	37	32	19
ENSG00000252072.1	0	0	0	0	0	0
ENSG00000242338.6	48	42	44	54	57	40
ENSG00000250959.2	113	91	82	103	88	74
ENSG00000235316.1	47	65	51	65	54	45
ENSG00000270808.1	2	2	0	0	1	0
ENSG00000279088.1	580	548	489	708	652	507
ENSG00000176986.15	9091	10173	9185	9609	9422	8584
ENSG00000279689.1	58	59	16	76	50	49
ENSG00000196968.10	1173	1307	998	1300	1254	982
ENSG00000172586.7	2636	2838	2394	2791	2632	2371
ENSG00000214655.10	3878	4493	2907	3890	3849	2826
ENSG00000280238.1	0	1	0	1	1	0
ENSG00000272589.1	1	0	1	5	1	2
ENSG00000272916.5	17	11	13	21	9	7
ENSG00000166507.17	38	40	31	42	35	30
ENSG00000148660.20	3473	3534	2881	3817	3591	2848
ENSG00000224195.1	1	0	0	4	1	0
ENSG00000229990.3	0	0	0	0	0	0
ENSG00000122861.15	7940	8180	7331	8265	7179	6956
ENSG00000222047.8	59	61	40	84	54	48
ENSG00000035403.17	26493	30203	29225	29738	27897	28204
ENSG00000225761.1	0	0	0	0	0	0
ENSG00000185009.12	4844	5524	5318	5262	5334	4969
ENSG00000156110.13	1829	2182	2067	2064	2097	1951
ENSG00000236900.1	0	0	0	0	0	0
ENSG00000214629.3	23	23	32	25	34	23
ENSG00000213731.2	0	0	0	0	0	0
ENSG00000232342.7	0	0	3	0	0	0
ENSG00000226253.1	1	0	2	1	0	0
ENSG00000206756.1	0	0	0	0	0	0
ENSG00000271710.1	0	0	0	0	0	0
ENSG00000214626.2	0	0	0	0	0	2
ENSG00000213525.3	0	0	0	0	0	0
ENSG00000272748.1	0	0	0	0	0	0
ENSG00000156650.13	1767	1923	1668	2082	1814	1567
ENSG00000234149.1	1	3	0	3	0	1
ENSG00000227186.1	0	0	0	0	0	1
ENSG00000188716.5	0	0	0	0	0	0
ENSG00000285810.1	0	0	0	0	1	0
ENSG00000237882.1	27	33	17	36	28	21
ENSG00000079393.20	9	1	3	3	1	1
ENSG00000156671.13	2743	3014	2497	3105	2661	2309
ENSG00000232437.1	1	0	0	0	0	0
ENSG00000165637.13	13823	15404	14603	14911	15239	13391
ENSG00000165644.10	1087	1168	994	1206	1103	1012
ENSG00000227271.1	1	0	0	1	0	0
ENSG00000226051.7	2	1	0	2	0	0
ENSG00000233313.2	0	0	0	0	0	1
ENSG00000270087.5	0	0	0	1	0	0
ENSG00000223428.1	0	0	0	0	0	0
ENSG00000236797.1	2	1	0	1	3	2
ENSG00000165655.16	1466	1611	1077	1765	1384	1172
ENSG00000237149.5	248	297	193	276	290	209
ENSG00000273248.1	7	16	7	14	6	10
ENSG00000272692.1	28	12	15	14	11	18
ENSG00000236842.1	4	3	1	4	4	2
ENSG00000148655.14	127	122	113	112	120	97
ENSG00000279814.1	0	0	0	0	0	0
ENSG00000207583.1	0	0	0	0	0	0
ENSG00000268659.2	0	0	0	0	0	0
ENSG00000228280.1	10	4	9	2	2	1
ENSG00000265486.2	0	0	0	0	0	0
ENSG00000201954.1	0	0	0	0	0	0
ENSG00000278992.1	0	0	0	0	0	0
ENSG00000230575.1	0	0	0	0	0	0
ENSG00000269256.1	0	0	0	0	0	0
ENSG00000252888.1	0	0	0	0	0	0
ENSG00000224948.1	2	0	0	1	0	0
ENSG00000156113.22	4042	3675	3599	4267	3481	3556
ENSG00000236467.8	1	0	0	6	1	0
ENSG00000225497.5	0	0	0	0	0	0
ENSG00000224500.1	0	0	0	0	0	0
ENSG00000225652.1	0	0	1	0	0	0
ENSG00000228092.1	0	0	0	0	1	0
ENSG00000199592.1	0	0	0	0	0	0
ENSG00000213514.2	104	97	95	92	91	89
ENSG00000277981.1	0	0	0	0	0	0
ENSG00000199664.1	2	1	0	0	2	1
ENSG00000213513.3	29	36	32	29	31	29
ENSG00000228748.2	6	7	4	24	5	9
ENSG00000151208.16	6740	7777	6699	7606	7066	6388
ENSG00000204049.1	1	0	0	1	1	0
ENSG00000243446.3	0	0	0	0	0	0
ENSG00000233871.2	51	55	44	47	52	45
ENSG00000234612.1	0	0	0	0	0	1
ENSG00000274686.1	0	0	0	0	0	0
ENSG00000148606.12	2490	2798	2753	2818	2871	2635
ENSG00000138326.19	67713	71742	82453	73703	76427	65285
ENSG00000231957.2	0	0	0	0	0	0
ENSG00000283096.1	0	0	0	0	0	0
ENSG00000282863.1	0	0	0	0	1	0
ENSG00000230417.11	11	7	5	8	3	6
ENSG00000229543.1	0	0	0	0	0	0
ENSG00000230229.1	0	0	0	0	0	0
ENSG00000201393.1	0	0	0	0	0	0
ENSG00000282952.1	0	0	0	0	0	0
ENSG00000228683.1	0	0	0	0	0	0
ENSG00000224596.7	95	78	45	113	82	46
ENSG00000229569.1	0	0	0	0	0	0
ENSG00000108175.16	7677	8772	8128	9561	8113	7586
ENSG00000108179.13	5161	5883	6856	5312	6423	6418
ENSG00000165424.6	898	894	758	1174	833	829
ENSG00000235426.2	0	0	0	0	0	0
ENSG00000259021.2	0	0	0	0	0	0
ENSG00000241317.1	0	0	0	0	0	0
ENSG00000235705.6	0	0	0	0	0	0
ENSG00000253626.3	4307	5378	4585	4271	4631	4590
ENSG00000271985.1	0	0	0	0	0	0
ENSG00000232965.1	0	0	0	0	0	0
ENSG00000185303.16	0	0	0	0	0	0
ENSG00000219430.2	0	1	0	0	0	0
ENSG00000225827.1	0	0	0	0	0	0
ENSG00000122852.14	0	0	0	0	0	0
ENSG00000226676.1	0	0	0	0	0	0
ENSG00000244733.5	0	0	0	0	0	0
ENSG00000225484.6	786	769	721	693	781	678
ENSG00000272489.1	1	0	0	0	0	0
ENSG00000280355.1	195	243	181	223	180	198
ENSG00000278616.1	1	2	0	0	0	0
ENSG00000224886.2	80	73	68	60	80	68
ENSG00000188199.10	2	2	4	2	3	4
ENSG00000272447.1	150	182	137	199	151	135
ENSG00000228570.7	9	11	8	8	6	9
ENSG00000214695.3	0	0	0	0	0	0
ENSG00000204437.7	0	0	0	0	0	0
ENSG00000214584.3	24	28	28	34	20	22
ENSG00000283913.1	0	0	0	0	0	0
ENSG00000283101.1	0	0	0	0	0	0
ENSG00000242600.8	0	0	0	0	0	0
ENSG00000133661.15	15	10	14	11	16	13
ENSG00000273372.1	1	0	0	1	0	0
ENSG00000280259.1	0	0	0	0	0	0
ENSG00000235924.1	0	0	0	0	0	0
ENSG00000225100.2	0	0	0	0	0	0
ENSG00000229616.2	0	0	0	0	0	0
ENSG00000224760.4	0	0	0	0	0	0
ENSG00000236217.4	0	0	0	0	0	0
ENSG00000227515.3	0	0	0	0	0	0
ENSG00000230091.6	81	69	71	81	86	54
ENSG00000282432.1	0	0	0	0	0	0
ENSG00000133678.13	1012	983	944	1142	1065	845
ENSG00000279399.1	1	0	0	2	1	2
ENSG00000230171.1	5	0	2	5	0	0
ENSG00000189129.13	2	1	0	0	1	0
ENSG00000122359.17	8947	10273	9386	9729	9626	8899
ENSG00000237523.1	524	555	598	633	541	550
ENSG00000234319.1	0	0	0	0	0	0
ENSG00000234382.2	18	13	12	12	16	16
ENSG00000234743.1	117	172	143	167	148	135
ENSG00000279359.1	1	0	0	0	0	1
ENSG00000151224.12	6	3	8	6	4	5
ENSG00000232950.1	0	0	0	0	0	0
ENSG00000235858.1	0	0	0	0	0	0
ENSG00000170788.13	0	0	0	0	0	0
ENSG00000133665.12	7	1	1	3	3	0
ENSG00000122378.13	4020	5074	3295	4072	4432	3268
ENSG00000108219.14	14417	16490	12798	16221	15715	12839
ENSG00000226659.1	61	53	35	69	53	41
ENSG00000178217.14	5	9	7	5	6	9
ENSG00000231082.1	0	0	0	0	1	0
ENSG00000233353.1	0	0	0	0	0	0
ENSG00000233703.1	0	0	0	0	0	0
ENSG00000231060.1	0	0	0	0	0	1
ENSG00000227209.1	0	0	0	0	0	0
ENSG00000226466.2	0	1	2	2	1	0
ENSG00000185737.12	0	0	0	0	0	0
ENSG00000285739.1	0	0	0	0	0	0
ENSG00000229458.2	0	0	0	0	0	0
ENSG00000225738.2	0	0	0	0	0	0
ENSG00000207275.1	0	0	0	0	0	0
ENSG00000200774.1	0	0	0	0	0	0
ENSG00000234931.1	0	0	0	0	0	0
ENSG00000233945.1	0	0	0	0	0	0
ENSG00000223565.1	0	0	0	0	0	0
ENSG00000212324.1	0	0	0	0	0	0
ENSG00000233258.1	0	0	0	0	0	0
ENSG00000200789.1	0	0	0	0	0	0
ENSG00000212769.5	13	8	8	6	6	7
ENSG00000271933.1	8	4	4	18	6	9
ENSG00000165678.20	16358	18835	17659	18262	18379	16923
ENSG00000285972.1	1	0	0	0	0	1
ENSG00000188373.4	1	0	0	0	0	0
ENSG00000148600.14	8	22	6	13	9	11
ENSG00000204033.9	0	0	0	0	0	0
ENSG00000148602.5	0	0	0	0	0	0
ENSG00000148604.13	0	0	0	0	0	0
ENSG00000229404.5	82	66	73	80	41	53
ENSG00000107771.16	2000	2309	1938	2165	2113	1803
ENSG00000233189.1	0	0	0	0	0	0
ENSG00000225423.1	51	60	62	45	46	40
ENSG00000225928.2	0	1	0	0	0	0
ENSG00000178429.9	7121	7982	7157	7661	8047	6482
ENSG00000237267.1	0	0	0	0	0	0
ENSG00000223993.1	0	0	0	0	0	0
ENSG00000224504.2	0	0	0	0	0	0
ENSG00000230962.1	0	0	0	0	0	0
ENSG00000279910.1	0	0	0	0	0	0
ENSG00000223064.1	0	0	0	0	0	0
ENSG00000280134.1	0	0	0	0	0	0
ENSG00000234942.2	0	0	0	0	0	0
ENSG00000182771.18	16	23	14	37	34	20
ENSG00000278333.1	0	0	0	0	0	0
ENSG00000270002.1	19	5	15	19	16	19
ENSG00000252292.1	0	0	0	0	0	0
ENSG00000236606.1	0	0	0	0	0	0
ENSG00000200487.1	0	0	0	0	0	0
ENSG00000199104.2	0	0	0	0	0	0
ENSG00000062650.18	3471	3658	3471	3769	3614	3216
ENSG00000212332.1	0	0	0	0	0	0
ENSG00000227896.2	116	133	98	124	108	97
ENSG00000230507.5	4	2	3	5	4	0
ENSG00000122375.11	0	1	0	1	0	0
ENSG00000122367.19	30	30	18	38	22	17
ENSG00000272631.1	218	234	152	189	142	120
ENSG00000107779.13	3589	4106	3267	3476	3479	3199
ENSG00000270874.1	0	0	0	0	0	0
ENSG00000200176.1	0	0	0	0	0	0
ENSG00000173269.13	13	10	13	13	5	5
ENSG00000281974.1	0	0	0	0	0	0
ENSG00000173267.13	268	218	221	253	227	251
ENSG00000272734.1	221	175	190	219	199	181
ENSG00000148671.13	2	1	5	3	0	2
ENSG00000273413.1	0	0	0	0	0	0
ENSG00000271880.1	1	1	0	1	0	0
ENSG00000240089.2	0	0	0	0	0	0
ENSG00000151303.11	0	1	0	0	1	2
ENSG00000272508.1	0	0	0	0	2	0
ENSG00000261011.1	0	0	0	0	0	0
ENSG00000229969.1	0	0	0	0	0	0
ENSG00000188100.8	0	0	0	0	0	0
ENSG00000271573.1	0	0	0	0	0	0
ENSG00000200253.1	2	0	0	2	1	0
ENSG00000148672.8	8102	9332	8382	8877	9006	8022
ENSG00000122376.11	2468	2621	2631	2632	2522	2342
ENSG00000237280.1	1	0	1	0	0	0
ENSG00000273946.1	0	0	0	0	0	0
ENSG00000223482.7	869	990	926	931	975	852
ENSG00000285257.1	25	18	22	26	26	20
ENSG00000184923.12	3	1	1	1	3	0
ENSG00000224914.3	233	214	195	240	228	231
ENSG00000214562.14	17	24	14	19	28	20
ENSG00000237740.1	0	0	0	0	0	0
ENSG00000236417.2	0	0	0	0	0	0
ENSG00000228055.2	0	0	0	0	0	0
ENSG00000231569.1	0	4	0	1	0	0
ENSG00000283672.1	0	0	0	0	0	0
ENSG00000107789.15	2837	3079	2580	2906	2915	2538
ENSG00000223761.1	0	0	1	0	0	0
ENSG00000225913.2	4	1	1	1	1	0
ENSG00000196566.2	11	7	8	5	3	9
ENSG00000234192.1	1	0	1	0	1	2
ENSG00000198682.12	4883	4774	4949	4405	4512	4486
ENSG00000138138.13	4258	5074	4515	4951	4834	4372
ENSG00000223820.5	27	24	17	25	14	20
ENSG00000243782.3	0	0	0	0	0	0
ENSG00000227268.3	88	103	118	112	85	96
ENSG00000171862.10	3721	4126	3646	3939	3981	3565
ENSG00000224745.1	5	12	5	8	9	5
ENSG00000213613.2	6	7	0	5	4	2
ENSG00000200891.1	0	0	0	0	0	0
ENSG00000227905.1	0	0	0	0	0	0
ENSG00000275015.1	0	0	0	0	0	0
ENSG00000184719.11	462	449	411	405	423	366
ENSG00000201548.1	0	0	0	0	0	0
ENSG00000204022.9	3	1	0	3	0	3
ENSG00000237205.1	0	0	0	0	0	0
ENSG00000182333.14	0	0	0	0	0	0
ENSG00000271408.1	0	0	0	0	0	0
ENSG00000204021.3	0	0	0	1	1	0
ENSG00000226358.1	0	1	0	0	0	0
ENSG00000204020.5	0	0	1	1	1	0
ENSG00000235150.1	0	0	0	0	0	0
ENSG00000173239.13	0	0	0	1	1	0
ENSG00000152766.5	18	37	25	15	36	17
ENSG00000234256.2	0	0	0	0	0	0
ENSG00000138134.11	2371	2978	2579	2154	2674	2172
ENSG00000180139.11	39	45	59	39	43	41
ENSG00000107796.13	1218	1051	1055	1280	919	1036
ENSG00000026103.21	1638	1624	1720	1448	1491	1670
ENSG00000275693.1	0	2	0	1	0	4
ENSG00000261438.1	24	27	13	26	22	27
ENSG00000265375.1	0	0	0	0	0	0
ENSG00000283664.1	0	0	0	0	0	0
ENSG00000233292.1	0	0	0	0	0	1
ENSG00000138135.6	1	0	1	4	2	4
ENSG00000107798.17	5708	5913	4507	5432	5290	4390
ENSG00000119922.9	118	105	92	97	107	72
ENSG00000232110.7	1	2	4	1	2	2
ENSG00000119917.13	219	210	208	190	198	149
ENSG00000224289.1	0	0	0	0	0	0
ENSG00000204010.3	0	1	0	0	0	0
ENSG00000185745.9	246	210	142	188	188	136
ENSG00000152778.8	1213	1320	1225	1408	1273	1108
ENSG00000152779.13	16	11	5	12	14	7
ENSG00000234452.5	0	0	0	0	0	0
ENSG00000152782.16	529	656	525	518	606	485
ENSG00000198997.2	0	1	0	1	0	0
ENSG00000249962.1	0	0	0	0	0	0
ENSG00000232936.5	27	21	27	29	27	23
ENSG00000225836.1	0	0	0	0	0	0
ENSG00000235100.3	22	14	9	9	10	12
ENSG00000240996.1	18	19	20	20	17	23
ENSG00000138182.14	2968	3347	3584	3739	3493	3179
ENSG00000283578.1	0	3	2	1	1	1
ENSG00000232229.5	0	0	0	1	1	0
ENSG00000270670.1	0	0	0	0	0	0
ENSG00000280560.1	0	0	0	0	0	0
ENSG00000226159.1	0	0	0	0	0	0
ENSG00000228938.3	9	4	4	3	4	1
ENSG00000222451.1	0	0	0	0	0	0
ENSG00000236373.1	0	0	0	0	0	0
ENSG00000224750.6	0	0	0	0	0	0
ENSG00000238291.1	0	0	0	0	0	0
ENSG00000283053.1	0	0	0	0	0	0
ENSG00000148680.15	11	7	7	5	7	2
ENSG00000148688.13	1893	2212	2121	2166	2150	2022
ENSG00000222305.1	0	0	0	0	0	0
ENSG00000148677.6	512	886	1060	511	1168	1244
ENSG00000201604.1	1	0	0	0	0	0
ENSG00000225519.1	0	0	0	0	0	0
ENSG00000273124.1	0	0	0	0	0	0
ENSG00000224851.2	0	0	0	0	0	0
ENSG00000220585.4	1	0	1	2	0	0
ENSG00000234043.3	8	7	11	9	7	3
ENSG00000180628.14	3080	3763	3330	3463	3477	3328
ENSG00000165338.16	821	763	689	925	677	634
ENSG00000271385.1	0	0	0	0	0	0
ENSG00000223876.1	0	0	0	0	0	0
ENSG00000119938.8	1034	1086	944	1174	1110	1044
ENSG00000213449.2	0	0	0	0	0	0
ENSG00000228759.1	0	0	0	1	0	0
ENSG00000228701.1	24	23	25	24	27	14
ENSG00000107854.5	5007	5543	4736	5311	5183	4420
ENSG00000180581.7	7238	7766	7504	8460	8536	7416
ENSG00000273497.1	0	0	0	0	0	0
ENSG00000174721.9	252	287	308	324	283	302
ENSG00000272817.1	11	19	15	24	11	15
ENSG00000095564.13	3937	4389	4239	4573	4246	3743
ENSG00000107864.14	68	114	53	86	67	54
ENSG00000252993.1	0	0	0	0	0	0
ENSG00000214549.2	9	3	2	9	3	1
ENSG00000213484.2	0	0	0	0	0	0
ENSG00000221042.1	0	0	0	0	0	0
ENSG00000105988.6	448	483	512	479	508	465
ENSG00000199881.1	0	0	0	0	0	0
ENSG00000198060.9	3094	3440	2862	3602	3303	2894
ENSG00000202297.1	0	0	0	0	0	0
ENSG00000232709.1	1	0	0	0	0	0
ENSG00000119912.16	5076	5771	5143	5686	5321	4583
ENSG00000138160.5	6059	7155	7583	8109	7541	6417
ENSG00000184111.6	0	0	0	0	0	0
ENSG00000264313.2	0	3	3	1	0	0
ENSG00000236493.2	66	77	83	75	75	61
ENSG00000152804.10	1028	1135	900	1091	1046	775
ENSG00000201412.1	0	0	0	0	0	0
ENSG00000138190.16	1976	2251	2024	2139	2148	1804
ENSG00000225118.1	0	0	0	0	0	0
ENSG00000226425.1	0	0	0	0	0	0
ENSG00000187553.8	2	0	2	2	2	7
ENSG00000285846.1	0	0	0	0	0	0
ENSG00000279607.1	3	1	2	0	1	1
ENSG00000095596.11	304	255	323	244	224	301
ENSG00000232805.1	0	0	0	0	0	0
ENSG00000237417.1	88	98	100	114	89	93
ENSG00000213432.2	143	131	123	127	115	116
ENSG00000138119.16	34204	37565	39990	34090	33545	36074
ENSG00000138180.15	5173	5932	5959	5581	5734	5468
ENSG00000212396.1	0	1	0	0	0	0
ENSG00000186188.10	42	27	24	33	19	27
ENSG00000138207.13	212	249	241	258	320	245
ENSG00000095464.9	2	0	2	0	2	1
ENSG00000148690.11	1413	1612	1404	1884	1624	1527
ENSG00000108231.12	0	1	0	0	0	0
ENSG00000280660.1	0	0	0	0	0	0
ENSG00000280485.1	0	0	0	1	0	0
ENSG00000227995.1	0	0	0	1	0	0
ENSG00000176273.14	1348	1522	1318	1326	1248	1315
ENSG00000180764.13	529	620	600	618	671	590
ENSG00000138193.15	3978	3606	3503	3186	2926	3112
ENSG00000232913.8	0	0	0	0	0	0
ENSG00000231575.1	0	0	0	1	0	0
ENSG00000234724.1	8	3	5	6	6	9
ENSG00000206631.1	0	0	0	0	0	1
ENSG00000228553.1	0	0	0	0	0	0
ENSG00000268894.6	3	5	5	5	1	2
ENSG00000273450.1	2	3	5	1	2	5
ENSG00000173145.11	2450	2980	3428	2947	3155	3051
ENSG00000108239.8	706	808	723	827	780	689
ENSG00000119969.14	3800	4298	4116	4138	4224	3730
ENSG00000244332.1	8	9	3	20	9	4
ENSG00000235746.1	0	0	0	0	0	0
ENSG00000108242.12	5	3	4	7	3	1
ENSG00000276490.1	0	0	0	0	0	0
ENSG00000165841.10	1	1	0	0	0	0
ENSG00000230338.1	0	0	0	0	0	0
ENSG00000235199.1	0	0	0	0	0	0
ENSG00000225354.1	0	0	0	0	0	0
ENSG00000138109.10	6	8	7	6	14	9
ENSG00000233377.1	0	0	0	0	0	0
ENSG00000228460.1	0	0	0	0	0	0
ENSG00000260863.1	0	0	0	0	0	0
ENSG00000237885.1	0	0	0	0	0	0
ENSG00000138115.13	0	1	0	1	2	1
ENSG00000231829.2	1	2	0	0	0	2
ENSG00000274691.1	0	0	0	0	0	1
ENSG00000225533.1	2	2	1	3	5	3
ENSG00000173124.14	0	2	0	1	1	3
ENSG00000234026.1	0	1	1	0	0	0
ENSG00000107438.8	7638	7386	6496	7602	6893	6321
ENSG00000095637.22	73	73	73	74	66	69
ENSG00000214362.2	6	3	9	3	5	2
ENSG00000059573.8	5570	5841	5538	5807	5708	5378
ENSG00000119977.20	3205	3491	3312	3616	3458	3108
ENSG00000138185.19	7	13	3	11	11	4
ENSG00000226688.6	457	605	504	598	561	552
ENSG00000240527.1	0	0	2	2	0	0
ENSG00000270099.1	0	0	0	0	0	0
ENSG00000188649.13	7	13	4	5	5	5
ENSG00000227805.1	0	0	2	1	1	0
ENSG00000107443.15	969	1059	991	1101	950	912
ENSG00000266407.1	0	0	0	0	0	0
ENSG00000200728.1	0	0	0	0	0	0
ENSG00000177853.14	1926	2060	2118	2290	1901	1917
ENSG00000229417.1	36	32	30	44	36	23
ENSG00000095585.16	0	0	1	0	2	0
ENSG00000229418.2	0	0	0	0	0	0
ENSG00000107447.7	2	3	3	3	8	2
ENSG00000197430.10	0	0	0	0	0	0
ENSG00000095587.8	35	31	28	28	26	25
ENSG00000077147.15	15375	17685	15208	16992	16566	15317
ENSG00000235677.1	54	52	54	50	50	55
ENSG00000155629.14	333	319	212	347	230	217
ENSG00000202047.1	0	0	0	0	0	0
ENSG00000227032.1	2	0	0	0	0	1
ENSG00000207287.1	0	0	0	0	0	0
ENSG00000236552.2	14759	16786	15178	17718	15919	14546
ENSG00000207976.1	0	0	0	1	0	0
ENSG00000196233.13	2280	2303	2482	2852	2050	2331
ENSG00000232875.1	0	0	0	2	0	1
ENSG00000187122.16	11	11	10	14	8	6
ENSG00000234855.1	0	0	0	0	0	0
ENSG00000269891.2	0	0	2	0	2	4
ENSG00000213390.10	809	835	884	950	894	849
ENSG00000231398.1	0	0	0	0	0	0
ENSG00000277308.1	0	0	0	0	0	0
ENSG00000237169.1	0	0	0	0	0	0
ENSG00000165879.8	160	213	82	200	166	77
ENSG00000181274.6	329	469	244	459	388	308
ENSG00000225850.3	1	4	2	6	2	3
ENSG00000052749.13	5249	5767	6207	5784	6054	5955
ENSG00000231508.1	0	0	0	0	0	0
ENSG00000231970.1	2	5	0	0	1	6
ENSG00000200737.1	5	6	5	4	5	3
ENSG00000171314.8	35295	41324	35593	38413	39064	35072
ENSG00000171311.12	1610	1808	1632	1840	1783	1577
ENSG00000171307.18	2935	3239	3134	2964	3107	2975
ENSG00000155229.20	4124	4474	3889	4326	4161	3710
ENSG00000165886.4	633	775	561	598	630	651
ENSG00000165887.11	319	290	475	234	288	499
ENSG00000241935.8	133	147	152	148	130	153
ENSG00000249967.1	0	0	0	0	0	0
ENSG00000203942.4	2	0	6	3	3	3
ENSG00000171160.17	417	447	398	431	462	395
ENSG00000155252.13	1423	1730	1346	1433	1626	1253
ENSG00000119986.6	3236	4396	4040	3408	4467	3973
ENSG00000155254.12	3652	4192	3380	4002	3891	3331
ENSG00000155256.17	2076	2439	1903	2244	2252	1823
ENSG00000120057.4	86	92	56	95	112	64
ENSG00000227356.2	2	3	1	2	3	0
ENSG00000155265.10	304	440	254	350	469	266
ENSG00000095713.13	32	33	44	55	31	36
ENSG00000278752.1	0	0	0	0	0	0
ENSG00000166024.13	1281	1361	1246	1272	1354	1081
ENSG00000138131.3	352	251	295	280	227	293
ENSG00000230928.1	4	3	7	3	0	1
ENSG00000119943.12	616	571	534	691	645	535
ENSG00000284415.1	0	0	0	0	0	0
ENSG00000107521.18	1699	2007	1529	1961	2022	1545
ENSG00000264610.1	3	2	1	1	2	3
ENSG00000172987.12	0	0	0	0	1	0
ENSG00000274056.1	0	0	0	0	0	0
ENSG00000236818.1	2	0	0	0	0	0
ENSG00000234109.1	3	1	1	3	1	0
ENSG00000119946.10	4089	4522	2951	3422	3494	2793
ENSG00000120053.11	2263	2748	2456	2405	2551	2438
ENSG00000224934.4	123	168	127	152	172	108
ENSG00000257582.5	0	0	0	0	1	0
ENSG00000228778.2	0	0	0	0	0	0
ENSG00000119919.10	3	5	4	6	2	3
ENSG00000155287.10	959	1054	997	1063	1021	942
ENSG00000260475.1	9	8	8	11	8	10
ENSG00000229278.2	1	1	1	0	2	0
ENSG00000285932.1	0	0	0	0	0	0
ENSG00000198018.6	877	966	918	982	968	880
ENSG00000233690.1	2	1	2	3	5	2
ENSG00000119929.12	1835	2175	2065	2101	2125	1909
ENSG00000014919.12	2521	2938	2716	2755	2796	2586
ENSG00000023839.11	29690	36945	29647	32061	35016	26601
ENSG00000227351.2	0	0	0	0	0	0
ENSG00000107554.16	3254	3314	2824	3396	2980	2808
ENSG00000227695.5	13	16	7	25	10	16
ENSG00000120054.11	41	37	21	27	38	17
ENSG00000283232.1	0	0	0	0	0	0
ENSG00000232230.1	1	0	0	0	0	1
ENSG00000270623.1	0	0	0	0	0	0
ENSG00000107566.13	5707	6195	6081	6356	6457	5723
ENSG00000213341.10	3079	3526	3285	3152	3440	2847
ENSG00000236308.1	3	4	3	1	0	1
ENSG00000227492.1	10	9	6	16	7	2
ENSG00000095485.17	1876	2067	1942	2067	2102	1786
ENSG00000212464.1	8	7	8	11	8	5
ENSG00000230224.1	3	1	4	6	3	3
ENSG00000207362.1	0	0	0	0	0	0
ENSG00000196072.11	3567	4019	3569	3820	3711	3535
ENSG00000107593.16	14	18	10	4	10	9
ENSG00000231188.1	2	1	2	3	2	0
ENSG00000099194.5	85186	113567	33113	85887	101062	32492
ENSG00000235823.2	615	683	425	644	604	344
ENSG00000212325.1	0	0	0	0	0	0
ENSG00000075290.7	0	3	4	2	2	1
ENSG00000075826.16	713	768	539	735	695	477
ENSG00000255339.6	0	0	0	0	0	0
ENSG00000166136.15	225	202	149	186	192	171
ENSG00000166135.13	5016	5591	5162	5562	5263	4931
ENSG00000274660.1	0	0	0	0	0	0
ENSG00000075891.21	32	25	19	40	27	23
ENSG00000222072.1	0	0	0	0	0	0
ENSG00000272572.1	18	31	25	32	37	20
ENSG00000119906.12	2705	3142	3062	3059	3153	2681
ENSG00000273476.1	1	0	1	2	1	0
ENSG00000055950.16	2700	2860	2576	2919	3056	2584
ENSG00000095539.15	1069	1299	913	1105	1305	852
ENSG00000207551.1	1	1	0	3	2	0
ENSG00000236662.1	27	36	30	49	18	28
ENSG00000107815.9	4408	4794	4383	4873	5108	4547
ENSG00000107816.17	3704	4275	2815	3897	3846	2885
ENSG00000186862.18	75	67	61	84	68	53
ENSG00000107819.13	2586	2817	2427	2860	2855	2439
ENSG00000273162.1	48	73	59	74	62	51
ENSG00000107821.14	153	213	144	146	181	149
ENSG00000236311.6	0	0	0	0	0	0
ENSG00000107807.12	0	2	2	0	3	0
ENSG00000237579.2	0	0	0	0	0	0
ENSG00000270973.1	0	0	0	0	0	0
ENSG00000138136.6	0	0	0	0	0	0
ENSG00000227128.4	2	1	1	0	0	1
ENSG00000229649.1	0	0	0	0	0	0
ENSG00000222238.1	0	0	0	0	0	0
ENSG00000225208.1	0	0	0	0	0	0
ENSG00000230967.2	0	0	0	0	0	0
ENSG00000166167.17	1645	1975	1597	1740	1907	1586
ENSG00000222414.1	0	0	0	0	0	0
ENSG00000166171.12	914	936	899	964	946	944
ENSG00000166169.16	1041	1262	1086	1100	1185	1051
ENSG00000283558.1	0	0	0	0	0	0
ENSG00000263436.1	0	0	0	0	1	1
ENSG00000107829.13	2256	2275	1588	2460	2242	1789
ENSG00000222051.1	0	1	0	0	1	0
ENSG00000224817.1	10	18	16	9	17	16
ENSG00000107831.12	5	1	1	5	3	2
ENSG00000107833.10	2716	2861	2783	3225	3187	2943
ENSG00000198408.13	8830	7729	8257	10848	7900	7972
ENSG00000226009.1	17	7	8	7	9	10
ENSG00000120049.19	109	139	122	153	114	100
ENSG00000120029.12	1980	2058	1792	1975	1943	1752
ENSG00000274742.1	0	0	0	0	0	0
ENSG00000222430.1	0	0	0	0	0	0
ENSG00000166189.7	1669	1715	1326	1632	1584	1443
ENSG00000224302.1	0	1	0	0	0	0
ENSG00000229629.1	0	0	0	0	0	0
ENSG00000198728.10	3429	3786	3070	3740	3557	3075
ENSG00000148840.10	5826	6309	6438	6665	6125	6134
ENSG00000166197.16	14828	17378	19337	17356	18735	18356
ENSG00000119915.4	17	13	20	12	17	18
ENSG00000107859.9	4	5	0	4	4	5
ENSG00000107862.4	5654	5688	5821	5803	5748		5249
ENSG00000077150.18	3661	4083	6856	3242	3892	6469
ENSG00000059915.16	52	44	36	36	42	31
ENSG00000107872.12	630	608	506	610	598	503
ENSG00000107874.10	2538	2664	1977	2620	2368	2114
ENSG00000202569.4	0	0	0	0	0	0
ENSG00000269609.5	288	281	232	278	278	193
ENSG00000120055.7	3	8	5	8	5	6
ENSG00000138111.14	358	406	279	390	404	294
ENSG00000138107.12	8552	9514	8289	8502	9029	7794
ENSG00000273262.1	6	4	2	13	5	2
ENSG00000107882.11	992	1171	921	1099	1163	934
ENSG00000228657.1	4	3	4	3	4	2
ENSG00000207029.1	0	0	0	0	0	0
ENSG00000171206.14	1916	2104	1933	2030	1838	1955
ENSG00000272933.1	10	12	11	10	16	9
ENSG00000138175.8	3379	3542	3149	3537	3289	2855
ENSG00000156398.12	583	593	545	700	615	497
ENSG00000166272.17	2556	2728	2236	2611	2493	2230
ENSG00000252994.1	0	0	0	0	1	2
ENSG00000148795.6	0	1	0	4	1	1
ENSG00000213061.2	2	3	4	8	0	1
ENSG00000236937.2	3	2	0	4	1	2
ENSG00000282772.1	15	23	17	21	20	8
ENSG00000166275.15	855	917	756	921	870	737
ENSG00000270316.1	0	0	0	0	0	0
ENSG00000283337.1	0	0	0	0	0	1
ENSG00000214435.7	3	2	1	1	6	5
ENSG00000235266.1	0	0	0	0	0	0
ENSG00000272912.1	0	0	0	2	0	0
ENSG00000148842.17	1333	1645	855	1472	1362	901
ENSG00000278498.1	2	0	0	0	0	0
ENSG00000076685.18	8101	9763	9426	8267	9291	8660
ENSG00000237827.1	0	0	0	0	0	1
ENSG00000213277.3	0	0	0	0	0	0
ENSG00000229256.1	99	133	108	114	111	106
ENSG00000235376.5	336	490	513	450	464	402
ENSG00000148798.10	2915	3015	3009	2177	2875	2937
ENSG00000156374.15	1134	1028	997	1322	1157	1002
ENSG00000212413.1	1	1	2	2	1	2
ENSG00000148835.10	449	560	507	467	540	516
ENSG00000173915.15	5624	6053	5451	6197	5860	5668
ENSG00000283867.1	0	0	0	0	0	0
ENSG00000148843.14	4866	6077	6332	5832	5909	6048
ENSG00000138172.10	165	179	117	129	135	107
ENSG00000273485.1	8	20	14	21	12	14
ENSG00000234699.1	2	4	1	2	0	1
ENSG00000185933.6	0	0	0	0	0	0
ENSG00000183128.7	10	13	6	7	4	7
ENSG00000235470.5	0	0	0	0	0	0
ENSG00000107954.10	19	37	18	10	24	14
ENSG00000226431.1	0	0	0	0	0	1
ENSG00000107957.16	750	1188	664	909	1077	730
ENSG00000273108.1	2	3	4	2	0	0
ENSG00000222503.1	0	0	0	0	0	0
ENSG00000280693.2	0	1	0	0	1	0
ENSG00000260461.1	57	61	58	57	54	66
ENSG00000107960.10	1001	1030	847	933	957	824
ENSG00000065613.13	6532	7819	6335	7062	7185	6033
ENSG00000266754.2	0	1	0	0	0	0
ENSG00000065618.19	162	185	165	142	179	166
ENSG00000283788.1	0	0	0	0	0	0
ENSG00000156384.14	852	914	821	869	865	789
ENSG00000197748.12	38	36	18	41	24	25
ENSG00000208033.1	0	0	0	0	0	0
ENSG00000148834.12	4795	5595	4922	5482	5414	4491
ENSG00000266852.2	4	5	5	6	2	3
ENSG00000065621.14	114	77	89	129	92	93
ENSG00000148841.16	3913	4698	3806	4139	4395	3856
ENSG00000270075.1	0	0	1	3	0	1
ENSG00000228261.1	3	4	4	5	4	1
ENSG00000231233.1	10	7	7	5	9	6
ENSG00000120051.14	26	33	22	28	46	21
ENSG00000225768.1	0	0	0	0	0	0
ENSG00000237761.2	0	0	0	0	0	0
ENSG00000156395.12	0	0	0	0	0	0
ENSG00000226387.2	0	0	0	0	0	0
ENSG00000207068.1	1	0	0	0	0	0
ENSG00000233477.1	0	0	0	1	0	0
ENSG00000213260.3	603	678	741	660	699	579
ENSG00000229466.1	0	0	0	0	0	0
ENSG00000229775.6	0	0	0	0	0	0
ENSG00000215002.2	4	0	0	0	1	0
ENSG00000108018.15	0	0	0	0	0	1
ENSG00000200626.1	0	0	0	0	0	0
ENSG00000200079.1	0	0	0	0	0	0
ENSG00000229981.7	0	2	2	0	0	0
ENSG00000234544.2	0	0	0	0	0	0
ENSG00000203434.2	0	2	0	1	1	1
ENSG00000223381.1	0	0	0	0	0	0
ENSG00000224498.1	0	0	0	0	0	0
ENSG00000222436.1	0	0	0	0	0	0
ENSG00000252574.2	0	0	0	0	0	0
ENSG00000200217.1	0	0	0	0	0	0
ENSG00000232728.1	0	0	0	1	0	0
ENSG00000237242.1	0	0	0	0	0	0
ENSG00000270333.1	1	3	3	7	2	5
ENSG00000270294.1	23	39	32	37	26	26
ENSG00000224907.1	0	0	0	0	0	0
ENSG00000108039.17	2671	2815	2651	2944	2801	2362
ENSG00000272160.1	0	2	0	0	0	3
ENSG00000203876.9	5	1	4	3	1	5
ENSG00000148700.14	1129	1254	960	1326	1230	903
ENSG00000226734.1	0	0	0	0	0	0
ENSG00000119950.20	699	730	484	726	665	486
ENSG00000228417.1	0	1	0	0	0	0
ENSG00000214067.2	0	0	0	0	0	0
ENSG00000119953.12	2550	2986	2625	2893	2928	2636
ENSG00000273143.1	95	102	94	87	86	74
ENSG00000237642.1	1	0	0	1	0	0
ENSG00000138166.5	4686	5146	4649	4710	4877	4863
ENSG00000233518.1	0	0	0	0	0	0
ENSG00000108055.9	9519	10592	9620	10870	10661	9206
ENSG00000223302.1	3	1	2	1	7	3
ENSG00000203867.7	550	569	516	703	433	536
ENSG00000252036.1	0	0	0	0	0	0
ENSG00000199364.1	0	0	0	0	0	0
ENSG00000232470.1	0	0	0	0	0	0
ENSG00000203497.2	191	205	143	189	161	133
ENSG00000150593.17	2634	2813	2094	3192	2662	2064
ENSG00000284482.1	0	0	0	0	0	0
ENSG00000214413.7	1940	2032	1856	2153	1889	1755
ENSG00000278601.1	1	1	3	6	1	0
ENSG00000270589.1	8	6	3	2	5	1
ENSG00000108061.11	2530	2801	2403	2666	2360	2227
ENSG00000234118.1	11	5	6	13	6	4
ENSG00000221214.1	0	0	1	0	0	0
ENSG00000150594.6	1	1	2	2	0	1
ENSG00000213247.3	0	0	1	0	0	0
ENSG00000237618.1	0	0	0	0	0	0
ENSG00000227851.1	0	0	0	0	0	0
ENSG00000230809.1	0	1	0	0	0	0
ENSG00000119927.13	1390	1561	1540	1631	1541	1525
ENSG00000119913.5	0	0	1	0	0	0
ENSG00000283688.1	0	0	0	0	0	0
ENSG00000276857.1	0	0	0	0	0	0
ENSG00000243316.7	0	0	0	0	0	0
ENSG00000197142.10	2	9	10	9	8	7
ENSG00000232934.7	1	4	2	5	7	2
ENSG00000023041.11	3039	3392	3131	3025	3289	2957
ENSG00000151532.13	2154	2426	2108	2361	2319	2023
ENSG00000234017.1	9	2	6	11	3	3
ENSG00000264763.1	0	0	0	0	0	0
ENSG00000233340.1	0	0	0	0	0	0
ENSG00000285676.1	0	5	0	0	2	2
ENSG00000260917.1	237	303	248	357	251	254
ENSG00000279315.1	1	0	0	1	1	0
ENSG00000225292.2	0	0	0	0	1	1
ENSG00000148737.16	1927	1955	1775	2254	1829	1745
ENSG00000233547.1	28	20	15	33	20	26
ENSG00000227560.1	0	0	1	1	0	1
ENSG00000238380.1	0	1	0	0	0	0
ENSG00000230018.1	0	0	0	0	0	0
ENSG00000148702.14	17	23	15	21	28	15
ENSG00000197893.13	0	0	0	0	0	0
ENSG00000165806.19	2142	2251	1959	2023	2117	1887
ENSG00000234393.1	0	0	0	0	0	0
ENSG00000148735.14	11	4	9	9	5	2
ENSG00000283656.1	0	0	0	0	0	0
ENSG00000212589.1	0	0	0	0	0	0
ENSG00000198924.7	1842	2110	2095	2015	2018	1842
ENSG00000196865.4	2325	2414	2105	2605	2241	2041
ENSG00000043591.5	77	90	68	77	104	97
ENSG00000285540.1	0	0	0	0	1	0
ENSG00000253066.1	0	0	0	0	0	0
ENSG00000226582.1	0	0	0	0	0	0
ENSG00000165813.19	1369	1542	1187	1567	1370	1216
ENSG00000273904.1	0	0	0	1	1	0
ENSG00000284442.1	0	0	0	0	0	0
ENSG00000095627.9	0	0	0	0	1	0
ENSG00000165816.12	1	0	1	0	1	0
ENSG00000230165.1	3	3	7	7	3	1
ENSG00000275024.1	2	5	0	3	0	5
ENSG00000169129.14	5174	4472	3963	4568	3944	3742
ENSG00000242912.3	0	0	0	0	0	0
ENSG00000279796.1	0	1	0	0	0	1
ENSG00000099204.19	5327	5393	5202	6100	5426	4942
ENSG00000229668.1	0	0	0	0	0	0
ENSG00000228169.3	30	19	15	24	7	14
ENSG00000228484.2	3	1	4	0	0	1
ENSG00000215760.2	0	0	0	0	0	0
ENSG00000151553.14	2091	2232	1858	2123	1996	1780
ENSG00000226428.1	0	0	0	1	0	0
ENSG00000165832.5	2323	2662	2440	2332	2463	2363
ENSG00000252611.1	0	0	0	0	0	0
ENSG00000236799.1	0	1	0	1	1	0
ENSG00000107518.17	16	22	13	13	8	11
ENSG00000285582.1	0	0	0	0	0	0
ENSG00000270965.1	0	0	0	0	0	0
ENSG00000151892.14	3848	3017	4744	3206	2869	4223
ENSG00000285587.1	21	9	23	13	15	13
ENSG00000182645.5	0	0	0	0	0	0
ENSG00000205433.4	0	0	0	0	0	0
ENSG00000203837.4	1	1	0	0	1	1
ENSG00000227096.1	5	1	0	0	0	0
ENSG00000200935.1	0	0	0	0	0	0
ENSG00000175535.6	0	0	0	0	0	0
ENSG00000232091.1	0	0	0	0	0	0
ENSG00000187021.14	0	0	0	0	0	0
ENSG00000266200.6	4	3	8	12	4	7
ENSG00000165863.16	9	9	14	9	6	10
ENSG00000232767.1	3	1	1	1	0	0
ENSG00000165868.14	3087	3448	3407	3094	3145	3158
ENSG00000228195.2	0	0	0	0	0	1
ENSG00000188316.13	26	28	24	47	38	25
ENSG00000187164.19	4160	4179	4180	4644	4149	3736
ENSG00000235742.1	1	6	1	4	2	1
ENSG00000148704.12	70	90	93	107	103	102
ENSG00000234474.2	0	0	0	0	0	0
ENSG00000266782.1	0	0	0	0	0	0
ENSG00000236171.1	0	0	0	0	0	0
ENSG00000186795.1	0	0	0	0	0	0
ENSG00000225936.1	0	1	0	0	0	0
ENSG00000165646.13	6	4	9	15	7	2
ENSG00000277879.1	124	169	140	131	133	114
ENSG00000165650.11	6771	7566	6426	8291	7281	6006
ENSG00000258114.1	0	0	0	0	0	0
ENSG00000229847.8	4	1	0	0	0	0
ENSG00000170370.11	0	0	0	0	0	0
ENSG00000235198.1	0	0	0	0	0	0
ENSG00000234952.1	0	0	0	0	0	0
ENSG00000263041.1	0	0	0	0	0	0
ENSG00000107560.11	2420	2707	2111	2755	2408	2290
ENSG00000231104.8	5	1	1	2	4	1
ENSG00000177640.15	131	98	122	127	108	105
ENSG00000238276.5	0	0	0	0	0	0
ENSG00000165669.13	1630	1869	1593	1888	1755	1477
ENSG00000232139.5	1	1	1	1	1	0
ENSG00000234309.1	0	0	0	0	0	0
ENSG00000119973.5	0	0	0	1	0	0
ENSG00000225155.4	1	0	0	1	2	0
ENSG00000151893.14	2822	3219	2884	3172	3052	2828
ENSG00000277687.1	14	14	11	21	15	5
ENSG00000236058.3	877	964	985	998	967	787
ENSG00000213574.2	146	147	157	138	110	112
ENSG00000229272.1	1	3	0	1	0	0
ENSG00000188613.6	117	122	120	105	114	103
ENSG00000107581.12	31428	36398	30744	36913	37170	32084
ENSG00000207468.1	2	5	2	3	5	2
ENSG00000222588.1	1	2	2	6	3	0
ENSG00000271343.1	0	0	0	0	0	0
ENSG00000119979.17	2740	3215	2694	3056	3020	2408
ENSG00000183605.16	2001	2094	2142	2041	2131	1995
ENSG00000165672.6	24973	27040	24822	24592	25719	23128
ENSG00000198873.11	881	965	860	894	879	805
ENSG00000228485.1	1	1	6	4	5	2
ENSG00000242853.3	1	2	4	3	1	1
ENSG00000236426.5	0	0	0	0	0	0
ENSG00000265719.1	0	0	0	0	0	0
ENSG00000148908.14	1094	1126	1046	1300	1151	1046
ENSG00000271353.1	0	0	0	0	0	0
ENSG00000151923.17	6103	6770	6023	6499	6348	5820
ENSG00000234569.1	1	0	0	0	1	0
ENSG00000227437.1	4	0	0	2	1	0
ENSG00000151929.9	4602	5965	5401	4692	6062	5549
ENSG00000232823.2	6	2	1	4	7	3
ENSG00000198825.13	968	1053	1112	1083	1082	999
ENSG00000242818.3	0	0	0	0	0	0
ENSG00000270300.2	0	0	0	0	0	0
ENSG00000282413.1	0	0	0	0	0	0
ENSG00000197771.12	6973	7566	7441	7711	7734	6867
ENSG00000107651.12	5872	6433	6412	6735	6382	5969
ENSG00000265370.1	0	1	1	0	1	0
ENSG00000180230.6	2	0	1	1	1	0
ENSG00000223455.1	0	0	0	0	0	0
ENSG00000220842.6	18069	19553	20188	20933	20830	17228
ENSG00000234522.1	0	0	0	0	0	0
ENSG00000203805.10	1	2	2	3	5	1
ENSG00000177234.7	0	0	0	0	0	0
ENSG00000227165.8	1	2	3	2	2	2
ENSG00000274461.1	0	0	0	0	0	0
ENSG00000120008.15	5156	5576	4694	5649	5196	4476
ENSG00000271670.1	1	0	1	0	0	0
ENSG00000227307.1	0	0	0	0	0	0
ENSG00000278484.1	0	0	0	0	1	1
ENSG00000236762.1	40	54	58	55	55	37
ENSG00000227143.1	0	0	0	0	0	0
ENSG00000222979.1	0	0	0	0	0	0
ENSG00000066468.22	23	21	13	13	18	18
ENSG00000223432.1	0	0	0	0	0	0
ENSG00000223540.1	2	1	1	1	1	1
ENSG00000224250.1	0	0	0	0	0	0
ENSG00000107669.17	3297	3794	3016	3707	3475	2848
ENSG00000201884.1	0	0	0	0	0	0
ENSG00000226864.2	16	13	5	14	15	10
ENSG00000273767.1	0	0	0	2	0	0
ENSG00000276742.1	1	0	0	0	0	0
ENSG00000107672.14	3175	3280	2836	3295	3256	2663
ENSG00000273891.1	4	1	1	9	7	1
ENSG00000138162.18	6327	7303	5455	6755	7011	5192
ENSG00000285715.1	0	0	0	0	1	0
ENSG00000285973.1	0	0	0	0	0	0
ENSG00000138152.8	36	28	29	44	41	37
ENSG00000202245.1	0	0	0	0	0	0
ENSG00000107679.14	2803	3195	2484	3120	2896	2579
ENSG00000265442.1	0	0	0	0	0	0
ENSG00000285955.1	41	43	17	39	25	30
ENSG00000254636.1	2	2	0	0	0	2
ENSG00000166033.12	2929	3167	1808	2875	2864	1848
ENSG00000187908.17	1	5	4	7	3	3
ENSG00000183559.11	0	0	1	0	0	0
ENSG00000176584.18	0	0	0	0	0	0
ENSG00000138161.13	142	146	157	132	142	146
ENSG00000213185.6	220	208	202	237	222	190
ENSG00000255624.3	318	301	331	312	284	302
ENSG00000203795.2	0	0	0	0	0	0
ENSG00000119965.12	973	1094	856	1021	925	884
ENSG00000179988.14	328	288	308	326	287	272
ENSG00000095574.11	763	787	669	855	726	672
ENSG00000196177.12	1413	1495	1465	1720	1494	1402
ENSG00000188620.9	0	0	0	0	0	0
ENSG00000188816.3	5	5	4	3	5	9
ENSG00000154473.17	11147	12090	11600	12056	12184	10764
ENSG00000227586.5	29	39	20	30	18	22
ENSG00000270902.1	0	0	0	0	0	0
ENSG00000230131.5	2	0	0	1	0	0
ENSG00000225152.1	0	0	0	0	0	0
ENSG00000234542.1	0	0	0	0	0	0
ENSG00000154478.3	0	0	0	0	0	1
ENSG00000121898.12	1	0	0	0	0	0
ENSG00000231138.1	0	0	0	0	0	0
ENSG00000234677.1	0	0	0	0	0	0
ENSG00000213438.2	0	0	0	0	0	0
ENSG00000232334.1	2	1	1	0	3	0
ENSG00000182022.17	1024	1033	1034	1098	907	987
ENSG00000065154.11	5406	6556	5527	5935	5966	5214
ENSG00000229544.8	3	10	4	5	7	5
ENSG00000271434.3	0	0	0	0	0	0
ENSG00000107902.13	613	633	418	676	555	414
ENSG00000229455.2	0	0	0	0	0	0
ENSG00000258539.1	0	4	1	0	1	2
ENSG00000189319.13	1417	1603	1435	1695	1451	1503
ENSG00000278831.1	1	2	1	1	0	1
ENSG00000233334.3	0	0	0	0	0	0
ENSG00000203791.14	279	289	251	320	289	290
ENSG00000199466.1	0	0	0	0	0	0
ENSG00000165660.7	1854	2033	1754	1920	1850	1660
ENSG00000207494.1	0	0	0	0	0	0
ENSG00000214807.2	7	10	14	11	12	9
ENSG00000249456.1	18	26	13	8	19	19
ENSG00000019995.6	1620	1798	1511	1870	1852	1497
ENSG00000226899.1	0	0	0	1	0	3
ENSG00000175029.16	7019	7640	7308	7697	7508	6875
ENSG00000273599.1	5	12	8	25	11	18
ENSG00000264572.1	0	0	0	0	1	0
ENSG00000282787.1	8	4	3	15	6	10
ENSG00000214298.3	0	0	0	1	0	0
ENSG00000233135.1	0	0	0	0	0	0
ENSG00000237675.5	0	0	0	0	0	0
ENSG00000175018.12	0	1	0	0	0	0
ENSG00000214297.3	3	1	0	3	1	2
ENSG00000228021.7	0	2	0	1	2	1
ENSG00000224023.10	33	41	30	43	45	37
ENSG00000280561.1	0	0	0	0	0	0
ENSG00000234134.1	12	9	16	17	17	14
ENSG00000107938.17	1938	2149	2099	2078	2144	1941
ENSG00000236991.6	2	1	1	2	0	3
ENSG00000154485.4	5	4	5	10	6	2
ENSG00000188690.13	2900	3324	2918	3165	3175	2930
ENSG00000265092.1	0	0	0	0	0	0
ENSG00000107949.16	6742	7279	8130	6890	7320	7247
ENSG00000089876.11	4382	4389	3205	3738	3856	3081
ENSG00000277371.1	0	0	0	0	0	0
ENSG00000222629.1	0	0	0	0	0	0
ENSG00000203780.10	298	251	176	252	233	167
ENSG00000234016.1	0	0	0	0	0	0
ENSG00000233409.1	0	0	0	0	0	0
ENSG00000148848.14	1023	1236	998	1364	1142	896
ENSG00000222740.1	0	0	0	0	0	0
ENSG00000213170.3	0	0	0	0	0	0
ENSG00000235180.1	19	18	14	15	12	10
ENSG00000154493.18	154	163	132	201	166	115
ENSG00000199321.1	0	0	0	0	0	0
ENSG00000150760.12	6434	6893	6242	7432	6776	5796
ENSG00000223528.7	20	11	4	29	8	16
ENSG00000232935.2	0	0	0	0	0	0
ENSG00000188916.8	88	98	104	101	122	107
ENSG00000214285.2	0	0	0	0	0	0
ENSG00000279725.1	0	0	0	0	0	0
ENSG00000186766.7	0	0	0	0	0	0
ENSG00000270778.1	0	0	0	0	0	0
ENSG00000180745.4	0	4	2	1	0	0
ENSG00000132334.16	374	319	191	328	248	200
ENSG00000232259.1	0	0	0	0	0	0
ENSG00000227076.1	17	15	3	9	9	15
ENSG00000148773.13	11644	14670	16758	15712	14844	13868
ENSG00000280953.2	0	0	0	0	1	0
ENSG00000234640.1	0	0	0	0	0	0
ENSG00000224190.1	0	0	0	0	0	0
ENSG00000232985.1	0	0	0	0	0	0
ENSG00000225424.1	0	0	0	0	0	0
ENSG00000285615.1	0	0	0	0	0	0
ENSG00000170430.9	350	364	269	414	406	286
ENSG00000237224.4	0	0	0	0	0	0
ENSG00000227374.1	2	0	0	0	1	1
ENSG00000283141.1	0	0	1	1	0	0
ENSG00000108001.13	11	25	21	41	27	16
ENSG00000275327.1	0	0	0	0	0	0
ENSG00000266676.1	0	0	0	0	0	0
ENSG00000275005.1	0	0	0	0	0	0
ENSG00000237489.4	92	90	83	83	90	84
ENSG00000277218.1	23	19	17	16	27	11
ENSG00000233122.2	9	5	2	2	4	7
ENSG00000233319.1	0	1	1	0	0	2
ENSG00000108010.11	6044	7392	7199	6540	6969	6685
ENSG00000236303.3	2	0	1	0	0	2
ENSG00000276375.1	0	0	0	0	0	0
ENSG00000222997.1	0	0	0	0	0	0
ENSG00000285529.1	0	0	0	0	0	0
ENSG00000264803.1	0	0	0	0	0	0
ENSG00000176769.9	1	0	0	0	1	0
ENSG00000230098.1	0	0	1	1	1	0
ENSG00000189275.3	15	6	10	10	10	5
ENSG00000280446.1	0	0	0	0	0	0
ENSG00000283095.1	2	1	0	2	3	0
ENSG00000175470.19	2110	2400	2060	2092	2189	2075
ENSG00000176171.11	3641	3872	3729	3998	3650	3709
ENSG00000277959.1	2	12	9	4	10	3
ENSG00000273521.1	1	0	1	1	0	1
ENSG00000279982.1	9	9	2	12	13	5
ENSG00000188385.11	1079	1222	901	1039	1020	813
ENSG00000235010.1	10	9	3	7	5	10
ENSG00000151640.12	1173	1231	1150	1203	1183	1208
ENSG00000165752.16	1890	2023	1783	1943	1874	1821
ENSG00000148814.17	614	538	451	569	487	433
ENSG00000171813.13	647	774	683	749	776	682
ENSG00000231705.1	2	2	3	2	2	3
ENSG00000234311.1	54	43	39	48	54	28
ENSG00000180066.9	134	166	133	175	158	137
ENSG00000226900.1	3	1	1	2	1	1
ENSG00000229081.1	1	0	2	1	1	0
ENSG00000068383.18	956	1196	1033	1003	1084	973
ENSG00000148826.8	2	0	2	1	2	4
ENSG00000171811.13	92	123	107	97	79	85
ENSG00000232903.2	0	1	0	0	0	0
ENSG00000224758.1	0	0	0	0	0	0
ENSG00000240707.2	0	0	0	0	0	0
ENSG00000197177.15	3	0	0	1	1	1
ENSG00000256925.2	0	0	0	0	0	1
ENSG00000235264.1	7	5	13	7	16	4
ENSG00000171798.17	147	138	105	162	131	129
ENSG00000171794.3	0	0	0	2	0	0
ENSG00000151650.7	0	1	0	1	1	0
ENSG00000166917.10	0	0	0	0	0	0
ENSG00000284219.1	0	0	0	0	0	0
ENSG00000273980.1	5	8	5	11	5	4
ENSG00000151651.15	369	367	327	478	334	311
ENSG00000130640.13	4917	5250	4765	5181	5205	4518
ENSG00000235245.1	119	151	102	130	147	113
ENSG00000198546.14	381	481	391	442	435	388
ENSG00000283496.1	0	0	0	0	0	0
ENSG00000130643.8	26	21	26	19	16	19
ENSG00000230306.1	3	1	5	3	6	6
ENSG00000226699.1	4	2	1	2	0	3
ENSG00000165828.14	0	0	0	0	0	0
ENSG00000148803.11	199	171	157	172	187	164
ENSG00000127884.4	7929	8449	7675	7862	8281	7189
ENSG00000265395.1	7	9	6	7	2	3
ENSG00000274685.1	0	0	0	0	0	0
ENSG00000148832.15	185	176	115	170	143	118
ENSG00000254536.1	0	0	0	0	1	0
ENSG00000148824.18	944	872	690	886	883	705
ENSG00000203772.7	23	21	23	18	18	29
ENSG00000273327.1	0	0	0	0	0	0
ENSG00000214279.13	67	60	49	70	52	28
ENSG00000273336.1	0	1	0	2	0	0
ENSG00000130649.9	11	13	13	16	8	11
ENSG00000278518.1	0	0	1	0	0	0
ENSG00000171772.16	0	0	0	0	0	0
ENSG00000233685.1	0	0	0	0	0	0
ENSG00000225899.7	0	2	1	1	0	4
ENSG00000213543.2	4	7	7	5	3	3
ENSG00000233435.2	58	66	53	61	55	51
ENSG00000230468.1	0	2	0	1	0	0
ENSG00000279626.1	0	0	0	0	0	0
ENSG00000280337.1	0	0	0	0	0	0
ENSG00000274599.2	0	0	0	0	0	0
ENSG00000276964.1	0	0	0	0	0	0
ENSG00000277274.1	0	0	0	0	0	0
ENSG00000275610.1	0	0	0	0	0	0
ENSG00000276164.1	0	0	0	0	0	0
ENSG00000237635.2	0	0	0	0	0	0
ENSG00000278664.1	0	0	0	0	0	0
ENSG00000278761.1	0	0	0	0	0	0
ENSG00000278790.1	0	0	0	0	0	0
ENSG00000276046.1	0	0	0	0	0	0
ENSG00000276904.1	0	0	0	0	0	0
ENSG00000278641.1	0	0	0	0	0	0
ENSG00000213147.3	33	19	27	26	19	14
ENSG00000282875.1	3	5	2	4	1	2