N_unmapped	0	0	0
N_multimapping	0	0	0
N_noFeature	0	0	0
N_ambiguous	0	0	0
ENSG00000260370.1	0	0	0
ENSG00000237297.1	0	0	0
ENSG00000261456.5	0	0	0
ENSG00000232420.2	0	0	0
ENSG00000015171.19	0	0	0
ENSG00000276662.1	0	0	0
ENSG00000212331.1	0	0	0
ENSG00000151240.16	0	0	0
ENSG00000201861.1	0	0	0
ENSG00000239822.3	0	0	0
ENSG00000233021.2	0	0	0
ENSG00000225140.1	0	0	0
ENSG00000263511.1	0	0	0
ENSG00000180525.11	0	0	0
ENSG00000231601.1	0	0	0
ENSG00000107929.14	0	0	0
ENSG00000229869.1	0	0	0
ENSG00000205740.2	0	0	0
ENSG00000107937.18	0	0	0
ENSG00000148377.5	0	0	0
ENSG00000232656.7	0	0	0
ENSG00000067064.11	0	0	0
ENSG00000047056.15	0	0	0
ENSG00000229205.3	0	0	0
ENSG00000185736.15	0	0	0
ENSG00000282390.1	0	0	0
ENSG00000233052.1	0	0	0
ENSG00000205696.4	0	0	0
ENSG00000234962.5	0	0	0
ENSG00000226694.2	0	0	0
ENSG00000278069.1	0	0	0
ENSG00000252998.1	0	0	0
ENSG00000227912.1	0	0	0
ENSG00000231326.6	0	0	0
ENSG00000212156.1	0	0	0
ENSG00000234556.1	0	0	0
ENSG00000234170.5	0	0	0
ENSG00000237500.1	0	0	0
ENSG00000235281.1	0	0	0
ENSG00000231743.1	0	0	0
ENSG00000234182.1	0	0	0
ENSG00000273001.1	0	0	0
ENSG00000067057.16	0	0	0
ENSG00000278419.1	0	0	0
ENSG00000107959.15	0	0	0
ENSG00000237399.7	0	0	0
ENSG00000236968.1	0	0	0
ENSG00000226762.2	0	0	0
ENSG00000227338.1	0	0	0
ENSG00000233321.1	0	0	0
ENSG00000236892.1	0	0	0
ENSG00000229672.2	0	0	0
ENSG00000228353.1	0	0	0
ENSG00000067082.14	0	0	0
ENSG00000230573.1	0	0	0
ENSG00000226005.4	0	0	0
ENSG00000274809.1	0	0	0
ENSG00000227101.1	0	0	0
ENSG00000236990.1	0	0	0
ENSG00000233117.2	0	0	0
ENSG00000224382.1	0	0	0
ENSG00000230096.1	0	0	0
ENSG00000207124.1	0	0	0
ENSG00000231298.6	0	0	0
ENSG00000225269.2	0	0	0
ENSG00000165568.17	0	0	0
ENSG00000151631.8	0	0	0
ENSG00000238840.1	0	0	0
ENSG00000187134.13	0	0	0
ENSG00000151632.17	0	0	0
ENSG00000224251.6	0	0	0
ENSG00000239148.1	0	0	0
ENSG00000196139.13	0	0	0
ENSG00000239142.1	0	0	0
ENSG00000225418.1	0	0	0
ENSG00000264006.8	0	0	0
ENSG00000198610.10	0	0	0
ENSG00000228291.1	0	0	0
ENSG00000231039.2	0	0	0
ENSG00000224034.1	0	0	0
ENSG00000215267.8	0	0	0
ENSG00000223987.1	0	0	0
ENSG00000280450.1	0	0	0
ENSG00000178473.6	0	0	0
ENSG00000178462.11	0	0	0
ENSG00000173848.18	0	0	0
ENSG00000178372.7	0	0	0
ENSG00000205488.8	0	0	0
ENSG00000178363.4	0	0	0
ENSG00000256462.1	0	0	0
ENSG00000242147.1	0	0	0
ENSG00000231483.1	0	0	0
ENSG00000228951.1	0	0	0
ENSG00000228685.1	0	0	0
ENSG00000240577.3	0	0	0
ENSG00000196372.12	0	0	0
ENSG00000108021.20	0	0	0
ENSG00000226647.2	0	0	0
ENSG00000057608.16	0	0	0
ENSG00000270427.1	0	0	0
ENSG00000272764.1	0	0	0
ENSG00000134461.15	0	0	0
ENSG00000240180.1	0	0	0
ENSG00000134452.19	0	0	0
ENSG00000232807.2	0	0	0
ENSG00000134470.20	0	0	0
ENSG00000134460.17	0	0	0
ENSG00000251922.1	0	0	0
ENSG00000229664.1	0	0	0
ENSG00000214015.3	0	0	0
ENSG00000134453.15	0	0	0
ENSG00000170525.20	0	0	0
ENSG00000201581.1	0	0	0
ENSG00000263628.1	0	0	0
ENSG00000283634.1	0	0	0
ENSG00000213994.3	0	0	0
ENSG00000238366.1	0	0	0
ENSG00000215244.2	0	0	0
ENSG00000226705.1	0	0	0
ENSG00000212743.2	0	0	0
ENSG00000065675.14	0	0	0
ENSG00000237943.6	0	0	0
ENSG00000225948.2	0	0	0
ENSG00000285743.1	0	0	0
ENSG00000223784.2	0	0	0
ENSG00000285988.1	0	0	0
ENSG00000281186.1	0	0	0
ENSG00000238266.2	0	0	0
ENSG00000285845.1	0	0	0
ENSG00000234248.1	0	0	0
ENSG00000223581.1	0	0	0
ENSG00000270811.1	0	0	0
ENSG00000198879.11	0	0	0
ENSG00000235141.1	0	0	0
ENSG00000278982.1	0	0	0
ENSG00000232591.1	0	0	0
ENSG00000207453.1	0	0	0
ENSG00000230121.1	0	0	0
ENSG00000123243.14	0	0	0
ENSG00000151655.18	0	0	0
ENSG00000151657.11	0	0	0
ENSG00000165629.19	0	0	0
ENSG00000165632.7	0	0	0
ENSG00000233990.1	0	0	0
ENSG00000107485.16	0	0	0
ENSG00000197308.9	0	0	0
ENSG00000232638.1	0	0	0
ENSG00000225053.1	0	0	0
ENSG00000232170.5	0	0	0
ENSG00000226861.1	0	0	0
ENSG00000226990.1	0	0	0
ENSG00000271251.1	0	0	0
ENSG00000213771.3	0	0	0
ENSG00000236420.1	0	0	0
ENSG00000212505.1	0	0	0
ENSG00000270234.1	0	0	0
ENSG00000234752.1	0	0	0
ENSG00000223808.1	0	0	0
ENSG00000230014.1	0	0	0
ENSG00000235838.1	0	0	0
ENSG00000228636.2	0	0	0
ENSG00000224788.1	0	0	0
ENSG00000229919.3	0	0	0
ENSG00000200849.1	0	0	0
ENSG00000272436.1	0	0	0
ENSG00000234306.1	0	0	0
ENSG00000279575.1	0	0	0
ENSG00000270111.2	0	0	0
ENSG00000228997.1	0	0	0
ENSG00000225383.7	0	0	0
ENSG00000048740.18	0	0	0
ENSG00000229240.8	0	0	0
ENSG00000231496.1	0	0	0
ENSG00000228027.1	0	0	0
ENSG00000229206.3	0	0	0
ENSG00000237986.3	0	0	0
ENSG00000230322.1	0	0	0
ENSG00000181800.5	0	0	0
ENSG00000280086.1	0	0	0
ENSG00000148429.14	0	0	0
ENSG00000271360.1	0	0	0
ENSG00000271046.1	0	0	0
ENSG00000134463.14	0	0	0
ENSG00000148426.12	0	0	0
ENSG00000225778.5	0	0	0
ENSG00000151461.19	0	0	0
ENSG00000251957.1	0	0	0
ENSG00000181192.11	0	0	0
ENSG00000272507.1	0	0	0
ENSG00000065665.20	0	0	0
ENSG00000265653.1	0	0	0
ENSG00000165609.12	0	0	0
ENSG00000151465.13	0	0	0
ENSG00000228302.2	0	0	0
ENSG00000264036.2	0	0	0
ENSG00000183049.12	0	0	0
ENSG00000252438.1	0	0	0
ENSG00000252118.1	0	0	0
ENSG00000285994.1	0	0	0
ENSG00000263584.1	0	0	0
ENSG00000283699.1	0	0	0
ENSG00000221331.1	0	0	0
ENSG00000285520.1	0	0	0
ENSG00000151468.10	0	0	0
ENSG00000212499.1	0	0	0
ENSG00000225251.1	0	0	0
ENSG00000123240.16	0	0	0
ENSG00000235763.1	0	0	0
ENSG00000234175.1	0	0	0
ENSG00000228330.1	0	0	0
ENSG00000203414.2	0	0	0
ENSG00000237540.1	0	0	0
ENSG00000065328.16	0	0	0
ENSG00000272055.1	0	0	0
ENSG00000165623.9	0	0	0
ENSG00000107537.13	0	0	0
ENSG00000226209.1	0	0	0
ENSG00000086475.14	0	0	0
ENSG00000233256.1	0	0	0
ENSG00000165626.17	0	0	0
ENSG00000202508.1	0	0	0
ENSG00000227175.1	0	0	0
ENSG00000165630.13	0	0	0
ENSG00000227474.1	0	0	0
ENSG00000282246.1	0	0	0
ENSG00000239665.8	0	0	0
ENSG00000151474.22	0	0	0
ENSG00000273474.1	0	0	0
ENSG00000225112.1	0	0	0
ENSG00000199407.1	0	0	0
ENSG00000234091.1	0	0	0
ENSG00000215227.4	0	0	0
ENSG00000229751.1	0	0	0
ENSG00000235410.1	0	0	0
ENSG00000285671.1	0	0	0
ENSG00000266321.1	0	0	0
ENSG00000278100.1	0	0	0
ENSG00000221371.1	0	0	0
ENSG00000065809.13	0	0	0
ENSG00000236495.2	0	0	0
ENSG00000201766.1	0	0	0
ENSG00000237032.1	0	0	0
ENSG00000185267.9	0	0	0
ENSG00000284024.2	0	0	0
ENSG00000187522.15	0	0	0
ENSG00000272853.1	0	0	0
ENSG00000152455.15	0	0	0
ENSG00000152457.17	0	0	0
ENSG00000197889.9	0	0	0
ENSG00000235623.2	0	0	0
ENSG00000228547.5	0	0	0
ENSG00000182531.7	0	0	0
ENSG00000237470.3	0	0	0
ENSG00000152463.14	0	0	0
ENSG00000176244.6	0	0	0
ENSG00000228312.1	0	0	0
ENSG00000176236.6	0	0	0
ENSG00000152464.14	0	0	0
ENSG00000152465.17	0	0	0
ENSG00000206448.3	0	0	0
ENSG00000228181.1	0	0	0
ENSG00000148468.16	0	0	0
ENSG00000232739.1	0	0	0
ENSG00000077943.7	0	0	0
ENSG00000148481.13	0	0	0
ENSG00000252537.1	0	0	0
ENSG00000237913.1	0	0	0
ENSG00000201260.1	0	0	0
ENSG00000226140.5	0	0	0
ENSG00000165983.14	0	0	0
ENSG00000223156.1	0	0	0
ENSG00000165985.9	0	0	0
ENSG00000148484.17	0	0	0
ENSG00000225213.2	0	0	0
ENSG00000275001.1	0	0	0
ENSG00000107611.15	0	0	0
ENSG00000273153.1	0	0	0
ENSG00000107614.21	0	0	0
ENSG00000229124.6	0	0	0
ENSG00000026025.15	0	0	0
ENSG00000234961.1	0	0	0
ENSG00000148488.16	0	0	0
ENSG00000204832.9	0	0	0
ENSG00000251803.1	0	0	0
ENSG00000236582.1	0	0	0
ENSG00000165996.13	0	0	0
ENSG00000280126.2	0	0	0
ENSG00000260589.1	0	0	0
ENSG00000136738.14	0	0	0
ENSG00000229190.1	0	0	0
ENSG00000148483.8	0	0	0
ENSG00000260314.2	0	0	0
ENSG00000207938.1	0	0	0
ENSG00000235637.1	0	0	0
ENSG00000148482.11	0	0	0
ENSG00000226083.5	0	0	0
ENSG00000165995.19	0	0	0
ENSG00000235020.4	0	0	0
ENSG00000240291.1	0	0	0
ENSG00000225527.1	0	0	0
ENSG00000241058.3	0	0	0
ENSG00000165997.4	0	0	0
ENSG00000225509.1	0	0	0
ENSG00000234244.1	0	0	0
ENSG00000234813.1	0	0	0
ENSG00000204740.10	0	0	0
ENSG00000226255.1	0	0	0
ENSG00000227734.1	0	0	0
ENSG00000239539.1	0	0	0
ENSG00000236960.1	0	0	0
ENSG00000200545.2	0	0	0
ENSG00000252001.1	0	0	0
ENSG00000233968.6	0	0	0
ENSG00000283456.1	0	0	0
ENSG00000230818.1	0	0	0
ENSG00000252832.1	0	0	0
ENSG00000285852.1	0	0	0
ENSG00000120594.16	0	0	0
ENSG00000238246.1	0	0	0
ENSG00000228339.1	0	0	0
ENSG00000270727.1	0	0	0
ENSG00000265372.1	0	0	0
ENSG00000078114.18	0	0	0
ENSG00000235940.1	0	0	0
ENSG00000230112.1	0	0	0
ENSG00000228753.1	0	0	0
ENSG00000228219.1	0	0	0
ENSG00000204683.11	0	0	0
ENSG00000231920.1	0	0	0
ENSG00000228860.1	0	0	0
ENSG00000232853.1	0	0	0
ENSG00000207264.1	0	0	0
ENSG00000230109.1	0	0	0
ENSG00000231553.1	0	0	0
ENSG00000278650.1	0	0	0
ENSG00000273566.1	0	0	0
ENSG00000199222.1	0	0	0
ENSG00000204682.5	0	0	0
ENSG00000222071.1	0	0	0
ENSG00000180592.16	0	0	0
ENSG00000078403.16	0	0	0
ENSG00000207347.1	0	0	0
ENSG00000223984.1	0	0	0
ENSG00000201390.1	0	0	0
ENSG00000136770.10	0	0	0
ENSG00000252634.1	0	0	0
ENSG00000279623.1	0	0	0
ENSG00000201364.1	0	0	0
ENSG00000232497.1	0	0	0
ENSG00000236777.1	0	0	0
ENSG00000223601.2	0	0	0
ENSG00000260205.1	0	0	0
ENSG00000227462.1	0	0	0
ENSG00000279631.1	0	0	0
ENSG00000261671.1	0	0	0
ENSG00000233318.2	0	0	0
ENSG00000148444.15	0	0	0
ENSG00000269897.5	0	0	0
ENSG00000168283.13	0	0	0
ENSG00000272516.1	0	0	0
ENSG00000271981.1	0	0	0
ENSG00000272366.1	0	0	0
ENSG00000077327.15	0	0	0
ENSG00000233451.1	0	0	0
ENSG00000285254.1	0	0	0
ENSG00000150867.13	0	0	0
ENSG00000279819.1	0	0	0
ENSG00000206842.1	0	0	0
ENSG00000165309.13	0	0	0
ENSG00000223131.1	0	0	0
ENSG00000148450.12	0	0	0
ENSG00000229932.3	0	0	0
ENSG00000252049.1	0	0	0
ENSG00000168267.6	0	0	0
ENSG00000179133.13	0	0	0
ENSG00000227537.1	0	0	0
ENSG00000224215.1	0	0	0
ENSG00000264574.1	0	0	0
ENSG00000165312.6	0	0	0
ENSG00000120549.17	0	0	0
ENSG00000223928.1	0	0	0
ENSG00000277563.1	0	0	0
ENSG00000207930.1	0	0	0
ENSG00000279029.1	0	0	0
ENSG00000107863.17	0	0	0
ENSG00000199535.1	0	0	0
ENSG00000285750.1	0	0	0
ENSG00000099256.18	0	0	0
ENSG00000228667.1	0	0	0
ENSG00000240294.2	0	0	0
ENSG00000285859.1	0	0	0
ENSG00000273107.1	0	0	0
ENSG00000151023.16	0	0	0
ENSG00000185875.12	0	0	0
ENSG00000231422.2	0	0	0
ENSG00000233642.1	0	0	0
ENSG00000151025.10	0	0	0
ENSG00000274242.1	0	0	0
ENSG00000222543.1	0	0	0
ENSG00000227465.1	0	0	0
ENSG00000280809.3	0	0	0
ENSG00000271563.1	0	0	0
ENSG00000223019.1	0	0	0
ENSG00000251711.1	0	0	0
ENSG00000226304.1	0	0	0
ENSG00000095777.15	0	0	0
ENSG00000136750.12	0	0	0
ENSG00000284951.1	0	0	0
ENSG00000077420.15	0	0	0
ENSG00000199733.1	0	0	0
ENSG00000236894.3	0	0	0
ENSG00000233261.3	0	0	0
ENSG00000234296.1	0	0	0
ENSG00000231976.8	0	0	0
ENSG00000227932.2	0	0	0
ENSG00000279212.1	0	0	0
ENSG00000148459.15	0	0	0
ENSG00000234788.1	0	0	0
ENSG00000235843.1	0	0	0
ENSG00000136754.17	0	0	0
ENSG00000223027.1	0	0	0
ENSG00000206605.1	0	0	0
ENSG00000283709.1	0	0	0
ENSG00000107890.16	0	0	0
ENSG00000199855.1	0	0	0
ENSG00000136758.18	0	0	0
ENSG00000120539.14	0	0	0
ENSG00000252639.1	0	0	0
ENSG00000107897.18	0	0	0
ENSG00000251839.1	0	0	0
ENSG00000262412.1	0	0	0
ENSG00000230445.4	0	0	0
ENSG00000238021.6	0	0	0
ENSG00000278830.1	0	0	0
ENSG00000200369.1	0	0	0
ENSG00000215409.4	0	0	0
ENSG00000207135.1	0	0	0
ENSG00000260151.1	0	0	0
ENSG00000213770.3	0	0	0
ENSG00000237956.1	0	0	0
ENSG00000182077.11	0	0	0
ENSG00000099246.16	0	0	0
ENSG00000285737.1	0	0	0
ENSG00000150051.13	0	0	0
ENSG00000230500.1	0	0	0
ENSG00000251810.1	0	0	0
ENSG00000169126.15	0	0	0
ENSG00000226016.1	0	0	0
ENSG00000233472.1	0	0	0
ENSG00000226395.1	0	0	0
ENSG00000150054.18	0	0	0
ENSG00000275036.1	0	0	0
ENSG00000282996.1	0	0	0
ENSG00000237746.1	0	0	0
ENSG00000222666.2	0	0	0
ENSG00000237128.1	0	0	0
ENSG00000224439.2	0	0	0
ENSG00000222705.1	0	0	0
ENSG00000254635.5	0	0	0
ENSG00000095787.21	0	0	0
ENSG00000252401.1	0	0	0
ENSG00000231911.1	0	0	0
ENSG00000207483.1	0	0	0
ENSG00000095739.10	0	0	0
ENSG00000232624.7	0	0	0
ENSG00000236716.1	0	0	0
ENSG00000201001.1	0	0	0
ENSG00000235824.4	0	0	0
ENSG00000271220.2	0	0	0
ENSG00000199402.1	0	0	0
ENSG00000229605.5	0	0	0
ENSG00000120563.9	0	0	0
ENSG00000224597.10	0	0	0
ENSG00000274985.1	0	0	0
ENSG00000197321.14	0	0	0
ENSG00000207612.1	0	0	0
ENSG00000212411.1	0	0	0
ENSG00000216035.1	0	0	0
ENSG00000225976.5	0	0	0
ENSG00000222092.1	0	0	0
ENSG00000237936.1	0	0	0
ENSG00000165757.8	0	0	0
ENSG00000200887.1	0	0	0
ENSG00000230125.1	0	0	0
ENSG00000259994.1	0	0	0
ENSG00000107951.14	0	0	0
ENSG00000285824.1	0	0	0
ENSG00000250833.1	0	0	0
ENSG00000241621.1	0	0	0
ENSG00000239625.3	0	0	0
ENSG00000284277.1	0	0	0
ENSG00000214434.2	0	0	0
ENSG00000235679.1	0	0	0
ENSG00000224473.1	0	0	0
ENSG00000107968.9	0	0	0
ENSG00000213778.2	0	0	0
ENSG00000228800.1	0	0	0
ENSG00000239744.3	0	0	0
ENSG00000230298.1	0	0	0
ENSG00000285630.1	0	0	0
ENSG00000151033.9	0	0	0
ENSG00000234814.8	0	0	0
ENSG00000230720.1	0	0	0
ENSG00000183621.15	0	0	0
ENSG00000272914.1	0	0	0
ENSG00000237135.1	0	0	0
ENSG00000272381.1	0	0	0
ENSG00000237036.4	0	0	0
ENSG00000252479.1	0	0	0
ENSG00000148516.21	0	0	0
ENSG00000230397.1	0	0	0
ENSG00000285781.1	0	0	0
ENSG00000223834.3	0	0	0
ENSG00000231855.1	0	0	0
ENSG00000237797.1	0	0	0
ENSG00000222412.1	0	0	0
ENSG00000165322.17	0	0	0
ENSG00000231148.1	0	0	0
ENSG00000230240.1	0	0	0
ENSG00000239731.3	0	0	0
ENSG00000170759.10	0	0	0
ENSG00000206660.1	0	0	0
ENSG00000234335.1	0	0	0
ENSG00000235113.1	0	0	0
ENSG00000234811.1	0	0	0
ENSG00000252482.1	0	0	0
ENSG00000217094.2	0	0	0
ENSG00000233190.1	0	0	0
ENSG00000227253.3	0	0	0
ENSG00000120616.15	0	0	0
ENSG00000226842.1	0	0	0
ENSG00000233825.1	0	0	0
ENSG00000229327.1	0	0	0
ENSG00000200484.1	0	0	0
ENSG00000216937.13	0	0	0
ENSG00000231245.2	0	0	0
ENSG00000273038.2	0	0	0
ENSG00000150093.18	0	0	0
ENSG00000228816.1	0	0	0
ENSG00000229656.6	0	0	0
ENSG00000234163.1	0	0	0
ENSG00000265319.2	0	0	0
ENSG00000229878.1	0	0	0
ENSG00000235962.5	0	0	0
ENSG00000233387.1	0	0	0
ENSG00000099250.17	0	0	0
ENSG00000238258.1	0	0	0
ENSG00000244356.3	0	0	0
ENSG00000273012.1	0	0	0
ENSG00000226412.1	0	0	0
ENSG00000203565.2	0	0	0
ENSG00000261683.1	0	0	0
ENSG00000226407.1	0	0	0
ENSG00000223470.3	0	0	0
ENSG00000148498.15	0	0	0
ENSG00000199200.2	0	0	0
ENSG00000234167.1	0	0	0
ENSG00000229235.1	0	0	0
ENSG00000215184.2	0	0	0
ENSG00000226386.1	0	0	0
ENSG00000232525.1	0	0	0
ENSG00000223047.1	0	0	0
ENSG00000222909.1	0	0	0
ENSG00000213724.4	0	0	0
ENSG00000283000.1	0	0	0
ENSG00000108094.14	0	0	0
ENSG00000266228.1	0	0	0
ENSG00000230534.6	0	0	0
ENSG00000095794.19	0	0	0
ENSG00000253054.1	0	0	0
ENSG00000233343.1	0	0	0
ENSG00000269952.1	0	0	0
ENSG00000233200.1	0	0	0
ENSG00000253070.1	0	0	0
ENSG00000108100.17	0	0	0
ENSG00000200097.1	0	0	0
ENSG00000271335.5	0	0	0
ENSG00000273312.2	0	0	0
ENSG00000177291.3	0	0	0
ENSG00000177283.7	0	0	0
ENSG00000284265.1	0	0	0
ENSG00000226646.1	0	0	0
ENSG00000280719.1	0	0	0
ENSG00000227313.1	0	0	0
ENSG00000227475.1	0	0	0
ENSG00000236626.1	0	0	0
ENSG00000228694.1	0	0	0
ENSG00000237002.6	0	0	0
ENSG00000274458.1	0	0	0
ENSG00000229644.6	0	0	0
ENSG00000207271.1	0	0	0
ENSG00000238176.1	0	0	0
ENSG00000233533.1	0	0	0
ENSG00000225355.1	0	0	0
ENSG00000148513.17	0	0	0
ENSG00000206796.1	0	0	0
ENSG00000234918.1	0	0	0
ENSG00000235687.9	0	0	0
ENSG00000244402.3	0	0	0
ENSG00000252621.1	0	0	0
ENSG00000237970.1	0	0	0
ENSG00000236313.1	0	0	0
ENSG00000224920.1	0	0	0
ENSG00000225276.1	0	0	0
ENSG00000256892.2	0	0	0
ENSG00000226578.1	0	0	0
ENSG00000198105.13	0	0	0
ENSG00000260137.1	0	0	0
ENSG00000225192.1	0	0	0
ENSG00000228828.1	0	0	0
ENSG00000236514.1	0	0	0
ENSG00000151963.4	0	0	0
ENSG00000235197.1	0	0	0
ENSG00000175395.15	0	0	0
ENSG00000226447.1	0	0	0
ENSG00000206840.1	0	0	0
ENSG00000189180.15	0	0	0
ENSG00000252132.1	0	0	0
ENSG00000275675.1	0	0	0
ENSG00000226086.5	0	0	0
ENSG00000235964.1	0	0	0
ENSG00000075407.18	0	0	0
ENSG00000283930.1	0	0	0
ENSG00000272983.1	0	0	0
ENSG00000225965.1	0	0	0
ENSG00000224761.4	0	0	0
ENSG00000226113.1	0	0	0
ENSG00000234941.1	0	0	0
ENSG00000099251.14	0	0	0
ENSG00000120555.13	0	0	0
ENSG00000276805.2	0	0	0
ENSG00000222314.1	0	0	0
ENSG00000228882.1	0	0	0
ENSG00000203496.9	0	0	0
ENSG00000215151.4	0	0	0
ENSG00000277133.1	0	0	0
ENSG00000225638.1	0	0	0
ENSG00000233867.2	0	0	0
ENSG00000227264.3	0	0	0
ENSG00000234541.2	0	0	0
ENSG00000227679.1	0	0	0
ENSG00000233832.1	0	0	0
ENSG00000229485.1	0	0	0
ENSG00000237592.2	0	0	0
ENSG00000271650.1	0	0	0
ENSG00000274167.4	0	0	0
ENSG00000228755.1	0	0	0
ENSG00000215146.5	0	0	0
ENSG00000182632.15	0	0	0
ENSG00000279239.1	0	0	0
ENSG00000185904.11	0	0	0
ENSG00000234420.7	0	0	0
ENSG00000270762.1	0	0	0
ENSG00000233837.1	0	0	0
ENSG00000196693.14	0	0	0
ENSG00000277479.1	0	0	0
ENSG00000272319.2	0	0	0
ENSG00000272387.2	0	0	0
ENSG00000251783.1	0	0	0
ENSG00000285884.1	0	0	0
ENSG00000232109.1	0	0	0
ENSG00000233515.1	0	0	0
ENSG00000231009.1	0	0	0
ENSG00000234864.1	0	0	0
ENSG00000230425.1	0	0	0
ENSG00000270552.1	0	0	0
ENSG00000259869.2	0	0	0
ENSG00000165733.7	0	0	0
ENSG00000252416.1	0	0	0
ENSG00000234944.1	0	0	0
ENSG00000229630.1	0	0	0
ENSG00000263795.1	0	0	0
ENSG00000165731.18	0	0	0
ENSG00000273008.1	0	0	0
ENSG00000169826.7	0	0	0
ENSG00000198915.11	0	0	0
ENSG00000224265.1	0	0	0
ENSG00000285712.1	0	0	0
ENSG00000221468.1	0	0	0
ENSG00000150201.14	0	0	0
ENSG00000169813.16	0	0	0
ENSG00000221400.2	0	0	0
ENSG00000230555.2	0	0	0
ENSG00000243660.9	0	0	0
ENSG00000252532.1	0	0	0
ENSG00000236114.1	0	0	0
ENSG00000196793.13	0	0	0
ENSG00000232004.1	0	0	0
ENSG00000198298.12	0	0	0
ENSG00000223910.1	0	0	0
ENSG00000237389.1	0	0	0
ENSG00000238263.1	0	0	0
ENSG00000169740.13	0	0	0
ENSG00000226245.1	0	0	0
ENSG00000230565.1	0	0	0
ENSG00000228426.1	0	0	0
ENSG00000271173.1	0	0	0
ENSG00000224162.1	0	0	0
ENSG00000223746.1	0	0	0
ENSG00000234973.5	0	0	0
ENSG00000226790.3	0	0	0
ENSG00000226808.2	0	0	0
ENSG00000236769.2	0	0	0
ENSG00000227029.1	0	0	0
ENSG00000233395.1	0	0	0
ENSG00000237590.1	0	0	0
ENSG00000229116.2	0	0	0
ENSG00000277288.4	0	0	0
ENSG00000107562.16	0	0	0
ENSG00000214089.3	0	0	0
ENSG00000270767.1	0	0	0
ENSG00000234580.1	0	0	0
ENSG00000227395.1	0	0	0
ENSG00000224812.2	0	0	0
ENSG00000234504.2	0	0	0
ENSG00000187783.11	0	0	0
ENSG00000223462.2	0	0	0
ENSG00000273363.1	0	0	0
ENSG00000107551.20	0	0	0
ENSG00000165507.8	0	0	0
ENSG00000165511.6	0	0	0
ENSG00000165512.4	0	0	0
ENSG00000226937.9	0	0	0
ENSG00000277757.4	0	0	0
ENSG00000270258.1	0	0	0
ENSG00000228462.1	0	0	0
ENSG00000232554.8	0	0	0
ENSG00000235690.2	0	0	0
ENSG00000243349.2	0	0	0
ENSG00000236442.1	0	0	0
ENSG00000230501.1	0	0	0
ENSG00000263476.1	0	0	0
ENSG00000227683.1	0	0	0
ENSG00000275312.1	0	0	0
ENSG00000278531.1	0	0	0
ENSG00000207071.1	0	0	0
ENSG00000234993.1	0	0	0
ENSG00000224402.2	0	0	0
ENSG00000256574.7	0	0	0
ENSG00000012779.10	0	0	0
ENSG00000231964.1	0	0	0
ENSG00000165406.15	0	0	0
ENSG00000172671.19	0	0	0
ENSG00000230869.1	0	0	0
ENSG00000237840.6	0	0	0
ENSG00000228702.1	0	0	0
ENSG00000172661.18	0	0	0
ENSG00000270434.1	0	0	0
ENSG00000231122.5	0	0	0
ENSG00000188234.13	0	0	0
ENSG00000239883.8	0	0	0
ENSG00000239152.1	0	0	0
ENSG00000264217.2	0	0	0
ENSG00000265354.3	0	0	0
ENSG00000265733.1	0	0	0
ENSG00000266412.5	0	0	0
ENSG00000263639.5	0	0	0
ENSG00000280012.2	0	0	0
ENSG00000264204.2	0	0	0
ENSG00000263482.3	0	0	0
ENSG00000274209.4	0	0	0
ENSG00000279058.2	0	0	0
ENSG00000273225.4	0	0	0
ENSG00000279458.2	0	0	0
ENSG00000264230.8	0	0	0
ENSG00000285402.1	0	0	0
ENSG00000285294.1	0	0	0
ENSG00000213412.3	0	0	0
ENSG00000204174.7	0	0	0
ENSG00000204175.5	0	0	0
ENSG00000204176.13	0	0	0
ENSG00000231187.2	0	0	0
ENSG00000229227.8	0	0	0
ENSG00000165874.13	0	0	0
ENSG00000272430.1	0	0	0
ENSG00000229927.2	0	0	0
ENSG00000274186.1	0	0	0
ENSG00000285662.1	0	0	0
ENSG00000280913.2	0	0	0
ENSG00000265366.6	0	0	0
ENSG00000215097.3	0	0	0
ENSG00000204177.10	0	0	0
ENSG00000238405.1	0	0	0
ENSG00000243289.1	0	0	0
ENSG00000150175.13	0	0	0
ENSG00000204179.10	0	0	0
ENSG00000266524.2	0	0	0
ENSG00000263761.2	0	0	0
ENSG00000265203.1	0	0	0
ENSG00000265763.3	0	0	0
ENSG00000265190.6	0	0	0
ENSG00000270369.1	0	0	0
ENSG00000189090.7	0	0	0
ENSG00000224919.1	0	0	0
ENSG00000204172.12	0	0	0
ENSG00000254929.6	0	0	0
ENSG00000252877.1	0	0	0
ENSG00000251079.6	0	0	0
ENSG00000265630.2	0	0	0
ENSG00000215065.3	0	0	0
ENSG00000266217.2	0	0	0
ENSG00000264404.2	0	0	0
ENSG00000189014.7	0	0	0
ENSG00000276544.1	0	0	0
ENSG00000226964.1	0	0	0
ENSG00000277758.4	0	0	0
ENSG00000276850.4	0	0	0
ENSG00000264717.5	0	0	0
ENSG00000273760.1	0	0	0
ENSG00000276430.2	0	0	0
ENSG00000265018.6	0	0	0
ENSG00000252149.1	0	0	0
ENSG00000270025.2	0	0	0
ENSG00000278561.1	0	0	0
ENSG00000170324.20	0	0	0
ENSG00000285786.1	0	0	0
ENSG00000225482.1	0	0	0
ENSG00000107643.16	0	0	0
ENSG00000279822.1	0	0	0
ENSG00000128805.14	0	0	0
ENSG00000248682.1	0	0	0
ENSG00000231906.1	0	0	0
ENSG00000251413.1	0	0	0
ENSG00000236800.1	0	0	0
ENSG00000128815.19	0	0	0
ENSG00000228754.1	0	0	0
ENSG00000228403.1	0	0	0
ENSG00000241577.1	0	0	0
ENSG00000165383.11	0	0	0
ENSG00000233665.8	0	0	0
ENSG00000226576.1	0	0	0
ENSG00000264800.1	0	0	0
ENSG00000165633.12	0	0	0
ENSG00000234736.5	0	0	0
ENSG00000172538.6	0	0	0
ENSG00000204161.13	0	0	0
ENSG00000236208.1	0	0	0
ENSG00000177354.11	0	0	0
ENSG00000165606.8	0	0	0
ENSG00000235939.1	0	0	0
ENSG00000225830.12	0	0	0
ENSG00000271237.1	0	0	0
ENSG00000070748.18	0	0	0
ENSG00000187714.6	0	0	0
ENSG00000178645.12	0	0	0
ENSG00000197444.9	0	0	0
ENSG00000226389.3	0	0	0
ENSG00000229870.1	0	0	0
ENSG00000227345.8	0	0	0
ENSG00000230166.1	0	0	0
ENSG00000204152.10	0	0	0
ENSG00000223111.1	0	0	0
ENSG00000178440.5	0	0	0
ENSG00000222108.1	0	0	0
ENSG00000285803.1	0	0	0
ENSG00000204149.10	0	0	0
ENSG00000235618.8	0	0	0
ENSG00000226631.1	0	0	0
ENSG00000099290.16	0	0	0
ENSG00000233011.1	0	0	0
ENSG00000188611.14	0	0	0
ENSG00000225137.1	0	0	0
ENSG00000198964.13	0	0	0
ENSG00000279863.1	0	0	0
ENSG00000225303.2	0	0	0
ENSG00000238523.1	0	0	0
ENSG00000226200.6	0	0	0
ENSG00000231588.1	0	0	0
ENSG00000231345.3	0	0	0
ENSG00000232706.3	0	0	0
ENSG00000226168.1	0	0	0
ENSG00000230011.2	0	0	0
ENSG00000213667.3	0	0	0
ENSG00000204147.10	0	0	0
ENSG00000148584.14	0	0	0
ENSG00000229711.1	0	0	0
ENSG00000236944.1	0	0	0
ENSG00000261368.1	0	0	0
ENSG00000185532.16	0	0	0
ENSG00000223502.1	0	0	0
ENSG00000231132.1	0	0	0
ENSG00000207813.1	0	0	0
ENSG00000235279.1	0	0	0
ENSG00000213659.4	0	0	0
ENSG00000177613.8	0	0	0
ENSG00000236671.8	0	0	0
ENSG00000107984.9	0	0	0
ENSG00000213657.3	0	0	0
ENSG00000227972.1	0	0	0
ENSG00000231131.7	0	0	0
ENSG00000165471.6	0	0	0
ENSG00000201196.1	0	0	0
ENSG00000285958.1	0	0	0
ENSG00000227121.1	0	0	0
ENSG00000231399.1	0	0	0
ENSG00000226296.1	0	0	0
ENSG00000252161.1	0	0	0
ENSG00000233805.1	0	0	0
ENSG00000150275.18	0	0	0
ENSG00000252252.1	0	0	0
ENSG00000234173.1	0	0	0
ENSG00000224697.1	0	0	0
ENSG00000221594.1	0	0	0
ENSG00000236958.1	0	0	0
ENSG00000236744.2	0	0	0
ENSG00000223800.1	0	0	0
ENSG00000228048.1	0	0	0
ENSG00000249860.3	0	0	0
ENSG00000236993.2	0	0	0
ENSG00000270541.1	0	0	0
ENSG00000122952.16	0	0	0
ENSG00000238707.1	0	0	0
ENSG00000264747.1	0	0	0
ENSG00000235810.1	0	0	0
ENSG00000223841.1	0	0	0
ENSG00000270192.1	0	0	0
ENSG00000232115.1	0	0	0
ENSG00000151151.5	0	0	0
ENSG00000180221.6	0	0	0
ENSG00000122873.11	0	0	0
ENSG00000228527.1	0	0	0
ENSG00000261076.1	0	0	0
ENSG00000072401.14	0	0	0
ENSG00000108064.10	0	0	0
ENSG00000122870.11	0	0	0
ENSG00000183055.5	0	0	0
ENSG00000252076.1	0	0	0
ENSG00000237949.1	0	0	0
ENSG00000226888.2	0	0	0
ENSG00000226557.1	0	0	0
ENSG00000165443.11	0	0	0
ENSG00000148541.12	0	0	0
ENSG00000236556.1	0	0	0
ENSG00000235469.1	0	0	0
ENSG00000235140.2	0	0	0
ENSG00000165449.11	0	0	0
ENSG00000227877.6	0	0	0
ENSG00000108091.10	0	0	0
ENSG00000235931.2	0	0	0
ENSG00000151150.21	0	0	0
ENSG00000232682.2	0	0	0
ENSG00000202190.1	0	0	0
ENSG00000282121.1	0	0	0
ENSG00000122872.8	0	0	0
ENSG00000254271.1	0	0	0
ENSG00000170312.15	0	0	0
ENSG00000072422.16	0	0	0
ENSG00000223107.1	0	0	0
ENSG00000227244.2	0	0	0
ENSG00000196932.11	0	0	0
ENSG00000237233.2	0	0	0
ENSG00000183346.7	0	0	0
ENSG00000272592.1	0	0	0
ENSG00000233643.2	0	0	0
ENSG00000150347.15	0	0	0
ENSG00000182010.10	0	0	0
ENSG00000234756.1	0	0	0
ENSG00000240940.3	0	0	0
ENSG00000138311.16	0	0	0
ENSG00000285837.1	0	0	0
ENSG00000285551.1	0	0	0
ENSG00000238280.2	0	0	0
ENSG00000234489.1	0	0	0
ENSG00000181915.4	0	0	0
ENSG00000122877.15	0	0	0
ENSG00000199446.1	0	0	0
ENSG00000224301.1	0	0	0
ENSG00000148572.15	0	0	0
ENSG00000171988.18	0	0	0
ENSG00000234369.1	0	0	0
ENSG00000270421.1	0	0	0
ENSG00000221063.3	0	0	0
ENSG00000235816.3	0	0	0
ENSG00000272767.1	0	0	0
ENSG00000224412.1	0	0	0
ENSG00000165476.13	0	0	0
ENSG00000232075.1	0	0	0
ENSG00000270352.1	0	0	0
ENSG00000228566.1	0	0	0
ENSG00000213609.3	0	0	0
ENSG00000226426.1	0	0	0
ENSG00000235489.4	0	0	0
ENSG00000233900.1	0	0	0
ENSG00000270648.1	0	0	0
ENSG00000216740.2	0	0	0
ENSG00000224714.2	0	0	0
ENSG00000270754.1	0	0	0
ENSG00000282906.1	0	0	0
ENSG00000227173.1	0	0	0
ENSG00000233724.1	0	0	0
ENSG00000235356.2	0	0	0
ENSG00000228065.10	0	0	0
ENSG00000183230.16	0	0	0
ENSG00000273360.1	0	0	0
ENSG00000277056.1	0	0	0
ENSG00000198739.10	0	0	0
ENSG00000225299.1	0	0	0
ENSG00000226448.1	0	0	0
ENSG00000276866.1	0	0	0
ENSG00000213606.3	0	0	0
ENSG00000225922.1	0	0	0
ENSG00000108176.14	0	0	0
ENSG00000212520.1	0	0	0
ENSG00000239942.2	0	0	0
ENSG00000237141.1	0	0	0
ENSG00000272892.1	0	0	0
ENSG00000252113.2	0	0	0
ENSG00000219932.6	0	0	0
ENSG00000096717.11	0	0	0
ENSG00000148634.15	0	0	0
ENSG00000226318.1	0	0	0
ENSG00000266467.2	0	0	0
ENSG00000236375.3	0	0	0
ENSG00000138347.15	0	0	0
ENSG00000222371.1	0	0	0
ENSG00000179774.8	0	0	0
ENSG00000233590.1	0	0	0
ENSG00000234102.1	0	0	0
ENSG00000108187.15	0	0	0
ENSG00000096746.17	0	0	0
ENSG00000204130.13	0	0	0
ENSG00000138346.14	0	0	0
ENSG00000234806.1	0	0	0
ENSG00000199638.1	0	0	0
ENSG00000122912.14	0	0	0
ENSG00000226493.1	0	0	0
ENSG00000207438.1	0	0	0
ENSG00000214881.4	0	0	0
ENSG00000138336.8	0	0	0
ENSG00000213025.2	0	0	0
ENSG00000227583.1	0	0	0
ENSG00000260400.1	0	0	0
ENSG00000270494.1	0	0	0
ENSG00000060339.13	0	0	0
ENSG00000195401.2	0	0	0
ENSG00000283551.1	0	0	0
ENSG00000221184.1	0	0	0
ENSG00000165730.15	0	0	0
ENSG00000200218.1	0	0	0
ENSG00000285871.1	0	0	0
ENSG00000107625.12	0	0	0
ENSG00000206855.1	0	0	0
ENSG00000165732.12	0	0	0
ENSG00000198954.7	0	0	0
ENSG00000214875.2	0	0	0
ENSG00000229001.1	0	0	0
ENSG00000122862.4	0	0	0
ENSG00000274008.1	0	0	0
ENSG00000122958.14	0	0	0
ENSG00000233163.1	0	0	0
ENSG00000156502.13	0	0	0
ENSG00000229261.1	0	0	0
ENSG00000156510.12	0	0	0
ENSG00000231748.1	0	0	0
ENSG00000156515.23	0	0	0
ENSG00000229197.1	0	0	0
ENSG00000075073.14	0	0	0
ENSG00000232734.1	0	0	0
ENSG00000099282.9	0	0	0
ENSG00000233197.1	0	0	0
ENSG00000122859.4	0	0	0
ENSG00000236154.1	0	0	0
ENSG00000230755.1	0	0	0
ENSG00000235803.1	0	0	0
ENSG00000235524.1	0	0	0
ENSG00000231152.1	0	0	0
ENSG00000226794.1	0	0	0
ENSG00000171224.8	0	0	0
ENSG00000235645.2	0	0	0
ENSG00000230469.1	0	0	0
ENSG00000197467.14	0	0	0
ENSG00000224222.1	0	0	0
ENSG00000099284.13	0	0	0
ENSG00000042286.14	0	0	0
ENSG00000156521.13	0	0	0
ENSG00000079332.14	0	0	0
ENSG00000229097.1	0	0	0
ENSG00000232142.1	0	0	0
ENSG00000180817.11	0	0	0
ENSG00000148734.7	0	0	0
ENSG00000172731.13	0	0	0
ENSG00000224725.3	0	0	0
ENSG00000148730.6	0	0	0
ENSG00000156574.9	0	0	0
ENSG00000280401.1	0	0	0
ENSG00000107719.8	0	0	0
ENSG00000230661.1	0	0	0
ENSG00000180644.7	0	0	0
ENSG00000138316.10	0	0	0
ENSG00000166220.12	0	0	0
ENSG00000231366.1	0	0	0
ENSG00000166224.16	0	0	0
ENSG00000166228.8	0	0	0
ENSG00000285300.1	0	0	0
ENSG00000271409.1	0	0	0
ENSG00000259267.2	0	0	0
ENSG00000107731.12	0	0	0
ENSG00000237512.6	0	0	0
ENSG00000198246.8	0	0	0
ENSG00000279406.1	0	0	0
ENSG00000107736.20	0	0	0
ENSG00000223817.1	0	0	0
ENSG00000214688.5	0	0	0
ENSG00000107738.19	0	0	0
ENSG00000274824.1	0	0	0
ENSG00000197746.13	0	0	0
ENSG00000238446.1	0	0	0
ENSG00000230526.1	0	0	0
ENSG00000122863.5	0	0	0
ENSG00000272988.1	0	0	0
ENSG00000107742.12	0	0	0
ENSG00000138303.17	0	0	0
ENSG00000200294.1	0	0	0
ENSG00000226701.1	0	0	0
ENSG00000166295.8	0	0	0
ENSG00000200170.1	0	0	0
ENSG00000168209.4	0	0	0
ENSG00000269926.1	0	0	0
ENSG00000148719.14	0	0	0
ENSG00000107745.18	0	0	0
ENSG00000202513.1	0	0	0
ENSG00000282915.1	0	0	0
ENSG00000276531.1	0	0	0
ENSG00000226163.1	0	0	0
ENSG00000230609.1	0	0	0
ENSG00000272536.2	0	0	0
ENSG00000231471.1	0	0	0
ENSG00000238215.1	0	0	0
ENSG00000201881.1	0	0	0
ENSG00000156026.14	0	0	0
ENSG00000266719.1	0	0	0
ENSG00000280166.1	0	0	0
ENSG00000279502.1	0	0	0
ENSG00000272627.1	0	0	0
ENSG00000138315.12	0	0	0
ENSG00000215086.2	0	0	0
ENSG00000138308.5	0	0	0
ENSG00000213700.3	0	0	0
ENSG00000122884.12	0	0	0
ENSG00000232646.1	0	0	0
ENSG00000237768.2	0	0	0
ENSG00000201047.1	0	0	0
ENSG00000272630.1	0	0	0
ENSG00000166321.13	0	0	0
ENSG00000272599.2	0	0	0
ENSG00000221164.1	0	0	0
ENSG00000122882.10	0	0	0
ENSG00000138286.14	0	0	0
ENSG00000213551.4	0	0	0
ENSG00000199201.1	0	0	0
ENSG00000227382.1	0	0	0
ENSG00000236756.4	0	0	0
ENSG00000182180.13	0	0	0
ENSG00000227540.1	0	0	0
ENSG00000156042.17	0	0	0
ENSG00000200356.1	0	0	0
ENSG00000207473.1	0	0	0
ENSG00000138279.15	0	0	0
ENSG00000233144.1	0	0	0
ENSG00000229659.1	0	0	0
ENSG00000166343.9	0	0	0
ENSG00000107758.15	0	0	0
ENSG00000221817.9	0	0	0
ENSG00000166348.18	0	0	0
ENSG00000207327.1	0	0	0
ENSG00000237139.1	0	0	0
ENSG00000268584.1	0	0	0
ENSG00000272791.1	0	0	0
ENSG00000177791.11	0	0	0
ENSG00000166317.11	0	0	0
ENSG00000271848.1	0	0	0
ENSG00000172650.13	0	0	0
ENSG00000242288.9	0	0	0
ENSG00000271816.1	0	0	0
ENSG00000272140.2	0	0	0
ENSG00000252072.1	0	0	0
ENSG00000242338.6	0	0	0
ENSG00000250959.2	0	0	0
ENSG00000235316.1	0	0	0
ENSG00000270808.1	0	0	0
ENSG00000279088.1	0	0	0
ENSG00000176986.15	0	0	0
ENSG00000279689.1	0	0	0
ENSG00000196968.10	0	0	0
ENSG00000172586.7	0	0	0
ENSG00000214655.10	0	0	0
ENSG00000280238.1	0	0	0
ENSG00000272589.1	0	0	0
ENSG00000272916.5	0	0	0
ENSG00000166507.17	0	0	0
ENSG00000148660.20	0	0	0
ENSG00000224195.1	0	0	0
ENSG00000229990.3	0	0	0
ENSG00000122861.15	0	0	0
ENSG00000222047.8	0	0	0
ENSG00000035403.17	0	0	0
ENSG00000225761.1	0	0	0
ENSG00000185009.12	0	0	0
ENSG00000156110.13	0	0	0
ENSG00000236900.1	0	0	0
ENSG00000214629.3	0	0	0
ENSG00000213731.2	0	0	0
ENSG00000232342.7	0	0	0
ENSG00000226253.1	0	0	0
ENSG00000206756.1	0	0	0
ENSG00000271710.1	0	0	0
ENSG00000214626.2	0	0	0
ENSG00000213525.3	0	0	0
ENSG00000272748.1	0	0	0
ENSG00000156650.13	0	0	0
ENSG00000234149.1	0	0	0
ENSG00000227186.1	0	0	0
ENSG00000188716.5	0	0	0
ENSG00000285810.1	0	0	0
ENSG00000237882.1	0	0	0
ENSG00000079393.20	0	0	0
ENSG00000156671.13	0	0	0
ENSG00000232437.1	0	0	0
ENSG00000165637.13	0	0	0
ENSG00000165644.10	0	0	0
ENSG00000227271.1	0	0	0
ENSG00000226051.7	0	0	0
ENSG00000233313.2	0	0	0
ENSG00000270087.5	0	0	0
ENSG00000223428.1	0	0	0
ENSG00000236797.1	0	0	0
ENSG00000165655.16	0	0	0
ENSG00000237149.5	0	0	0
ENSG00000273248.1	0	0	0
ENSG00000272692.1	0	0	0
ENSG00000236842.1	0	0	0
ENSG00000148655.14	0	0	0
ENSG00000279814.1	0	0	0
ENSG00000207583.1	0	0	0
ENSG00000268659.2	0	0	0
ENSG00000228280.1	0	0	0
ENSG00000265486.2	0	0	0
ENSG00000201954.1	0	0	0
ENSG00000278992.1	0	0	0
ENSG00000230575.1	0	0	0
ENSG00000269256.1	0	0	0
ENSG00000252888.1	0	0	0
ENSG00000224948.1	0	0	0
ENSG00000156113.22	0	0	0
ENSG00000236467.8	0	0	0
ENSG00000225497.5	0	0	0
ENSG00000224500.1	0	0	0
ENSG00000225652.1	0	0	0
ENSG00000228092.1	0	0	0
ENSG00000199592.1	0	0	0
ENSG00000213514.2	0	0	0
ENSG00000277981.1	0	0	0
ENSG00000199664.1	0	0	0
ENSG00000213513.3	0	0	0
ENSG00000228748.2	0	0	0
ENSG00000151208.16	0	0	0
ENSG00000204049.1	0	0	0
ENSG00000243446.3	0	0	0
ENSG00000233871.2	0	0	0
ENSG00000234612.1	0	0	0
ENSG00000274686.1	0	0	0
ENSG00000148606.12	0	0	0
ENSG00000138326.19	0	0	0
ENSG00000231957.2	0	0	0
ENSG00000283096.1	0	0	0
ENSG00000282863.1	0	0	0
ENSG00000230417.11	0	0	0
ENSG00000229543.1	0	0	0
ENSG00000230229.1	0	0	0
ENSG00000201393.1	0	0	0
ENSG00000282952.1	0	0	0
ENSG00000228683.1	0	0	0
ENSG00000224596.7	0	0	0
ENSG00000229569.1	0	0	0
ENSG00000108175.16	0	0	0
ENSG00000108179.13	0	0	0
ENSG00000165424.6	0	0	0
ENSG00000235426.2	0	0	0
ENSG00000259021.2	0	0	0
ENSG00000241317.1	0	0	0
ENSG00000235705.6	0	0	0
ENSG00000253626.3	0	0	0
ENSG00000271985.1	0	0	0
ENSG00000232965.1	0	0	0
ENSG00000185303.16	0	0	0
ENSG00000219430.2	0	0	0
ENSG00000225827.1	0	0	0
ENSG00000122852.14	0	0	0
ENSG00000226676.1	0	0	0
ENSG00000244733.5	0	0	0
ENSG00000225484.6	0	0	0
ENSG00000272489.1	0	0	0
ENSG00000280355.1	0	0	0
ENSG00000278616.1	0	0	0
ENSG00000224886.2	0	0	0
ENSG00000188199.10	0	0	0
ENSG00000272447.1	0	0	0
ENSG00000228570.7	0	0	0
ENSG00000214695.3	0	0	0
ENSG00000204437.7	0	0	0
ENSG00000214584.3	0	0	0
ENSG00000283913.1	0	0	0
ENSG00000283101.1	0	0	0
ENSG00000242600.8	0	0	0
ENSG00000133661.15	0	0	0
ENSG00000273372.1	0	0	0
ENSG00000280259.1	0	0	0
ENSG00000235924.1	0	0	0
ENSG00000225100.2	0	0	0
ENSG00000229616.2	0	0	0
ENSG00000224760.4	0	0	0
ENSG00000236217.4	0	0	0
ENSG00000227515.3	0	0	0
ENSG00000230091.6	0	0	0
ENSG00000282432.1	0	0	0
ENSG00000133678.13	0	0	0
ENSG00000279399.1	0	0	0
ENSG00000230171.1	0	0	0
ENSG00000189129.13	0	0	0
ENSG00000122359.17	0	0	0
ENSG00000237523.1	0	0	0
ENSG00000234319.1	0	0	0
ENSG00000234382.2	0	0	0
ENSG00000234743.1	0	0	0
ENSG00000279359.1	0	0	0
ENSG00000151224.12	0	0	0
ENSG00000232950.1	0	0	0
ENSG00000235858.1	0	0	0
ENSG00000170788.13	0	0	0
ENSG00000133665.12	0	0	0
ENSG00000122378.13	0	0	0
ENSG00000108219.14	0	0	0
ENSG00000226659.1	0	0	0
ENSG00000178217.14	0	0	0
ENSG00000231082.1	0	0	0
ENSG00000233353.1	0	0	0
ENSG00000233703.1	0	0	0
ENSG00000231060.1	0	0	0
ENSG00000227209.1	0	0	0
ENSG00000226466.2	0	0	0
ENSG00000185737.12	0	0	0
ENSG00000285739.1	0	0	0
ENSG00000229458.2	0	0	0
ENSG00000225738.2	0	0	0
ENSG00000207275.1	0	0	0
ENSG00000200774.1	0	0	0
ENSG00000234931.1	0	0	0
ENSG00000233945.1	0	0	0
ENSG00000223565.1	0	0	0
ENSG00000212324.1	0	0	0
ENSG00000233258.1	0	0	0
ENSG00000200789.1	0	0	0
ENSG00000212769.5	0	0	0
ENSG00000271933.1	0	0	0
ENSG00000165678.20	0	0	0
ENSG00000285972.1	0	0	0
ENSG00000188373.4	0	0	0
ENSG00000148600.14	0	0	0
ENSG00000204033.9	0	0	0
ENSG00000148602.5	0	0	0
ENSG00000148604.13	0	0	0
ENSG00000229404.5	0	0	0
ENSG00000107771.16	0	0	0
ENSG00000233189.1	0	0	0
ENSG00000225423.1	0	0	0
ENSG00000225928.2	0	0	0
ENSG00000178429.9	0	0	0
ENSG00000237267.1	0	0	0
ENSG00000223993.1	0	0	0
ENSG00000224504.2	0	0	0
ENSG00000230962.1	0	0	0
ENSG00000279910.1	0	0	0
ENSG00000223064.1	0	0	0
ENSG00000280134.1	0	0	0
ENSG00000234942.2	0	0	0
ENSG00000182771.18	0	0	0
ENSG00000278333.1	0	0	0
ENSG00000270002.1	0	0	0
ENSG00000252292.1	0	0	0
ENSG00000236606.1	0	0	0
ENSG00000200487.1	0	0	0
ENSG00000199104.2	0	0	0
ENSG00000062650.18	0	0	0
ENSG00000212332.1	0	0	0
ENSG00000227896.2	0	0	0
ENSG00000230507.5	0	0	0
ENSG00000122375.11	0	0	0
ENSG00000122367.19	0	0	0
ENSG00000272631.1	0	0	0
ENSG00000107779.13	0	0	0
ENSG00000270874.1	0	0	0
ENSG00000200176.1	0	0	0
ENSG00000173269.13	0	0	0
ENSG00000281974.1	0	0	0
ENSG00000173267.13	0	0	0
ENSG00000272734.1	0	0	0
ENSG00000148671.13	0	0	0
ENSG00000273413.1	0	0	0
ENSG00000271880.1	0	0	0
ENSG00000240089.2	0	0	0
ENSG00000151303.11	0	0	0
ENSG00000272508.1	0	0	0
ENSG00000261011.1	0	0	0
ENSG00000229969.1	0	0	0
ENSG00000188100.8	0	0	0
ENSG00000271573.1	0	0	0
ENSG00000200253.1	0	0	0
ENSG00000148672.8	0	0	0
ENSG00000122376.11	0	0	0
ENSG00000237280.1	0	0	0
ENSG00000273946.1	0	0	0
ENSG00000223482.7	0	0	0
ENSG00000285257.1	0	0	0
ENSG00000184923.12	0	0	0
ENSG00000224914.3	0	0	0
ENSG00000214562.14	0	0	0
ENSG00000237740.1	0	0	0
ENSG00000236417.2	0	0	0
ENSG00000228055.2	0	0	0
ENSG00000231569.1	0	0	0
ENSG00000283672.1	0	0	0
ENSG00000107789.15	0	0	0
ENSG00000223761.1	0	0	0
ENSG00000225913.2	0	0	0
ENSG00000196566.2	0	0	0
ENSG00000234192.1	0	0	0
ENSG00000198682.12	0	0	0
ENSG00000138138.13	0	0	0
ENSG00000223820.5	0	0	0
ENSG00000243782.3	0	0	0
ENSG00000227268.3	0	0	0
ENSG00000171862.10	0	0	0
ENSG00000224745.1	0	0	0
ENSG00000213613.2	0	0	0
ENSG00000200891.1	0	0	0
ENSG00000227905.1	0	0	0
ENSG00000275015.1	0	0	0
ENSG00000184719.11	0	0	0
ENSG00000201548.1	0	0	0
ENSG00000204022.9	0	0	0
ENSG00000237205.1	0	0	0
ENSG00000182333.14	0	0	0
ENSG00000271408.1	0	0	0
ENSG00000204021.3	0	0	0
ENSG00000226358.1	0	0	0
ENSG00000204020.5	0	0	0
ENSG00000235150.1	0	0	0
ENSG00000173239.13	0	0	0
ENSG00000152766.5	0	0	0
ENSG00000234256.2	0	0	0
ENSG00000138134.11	0	0	0
ENSG00000180139.11	0	0	0
ENSG00000107796.13	0	0	0
ENSG00000026103.21	0	0	0
ENSG00000275693.1	0	0	0
ENSG00000261438.1	0	0	0
ENSG00000265375.1	0	0	0
ENSG00000283664.1	0	0	0
ENSG00000233292.1	0	0	0
ENSG00000138135.6	0	0	0
ENSG00000107798.17	0	0	0
ENSG00000119922.9	0	0	0
ENSG00000232110.7	0	0	0
ENSG00000119917.13	0	0	0
ENSG00000224289.1	0	0	0
ENSG00000204010.3	0	0	0
ENSG00000185745.9	0	0	0
ENSG00000152778.8	0	0	0
ENSG00000152779.13	0	0	0
ENSG00000234452.5	0	0	0
ENSG00000152782.16	0	0	0
ENSG00000198997.2	0	0	0
ENSG00000249962.1	0	0	0
ENSG00000232936.5	0	0	0
ENSG00000225836.1	0	0	0
ENSG00000235100.3	0	0	0
ENSG00000240996.1	0	0	0
ENSG00000138182.14	0	0	0
ENSG00000283578.1	0	0	0
ENSG00000232229.5	0	0	0
ENSG00000270670.1	0	0	0
ENSG00000280560.1	0	0	0
ENSG00000226159.1	0	0	0
ENSG00000228938.3	0	0	0
ENSG00000222451.1	0	0	0
ENSG00000236373.1	0	0	0
ENSG00000224750.6	0	0	0
ENSG00000238291.1	0	0	0
ENSG00000283053.1	0	0	0
ENSG00000148680.15	0	0	0
ENSG00000148688.13	0	0	0
ENSG00000222305.1	0	0	0
ENSG00000148677.6	0	0	0
ENSG00000201604.1	0	0	0
ENSG00000225519.1	0	0	0
ENSG00000273124.1	0	0	0
ENSG00000224851.2	0	0	0
ENSG00000220585.4	0	0	0
ENSG00000234043.3	0	0	0
ENSG00000180628.14	0	0	0
ENSG00000165338.16	0	0	0
ENSG00000271385.1	0	0	0
ENSG00000223876.1	0	0	0
ENSG00000119938.8	0	0	0
ENSG00000213449.2	0	0	0
ENSG00000228759.1	0	0	0
ENSG00000228701.1	0	0	0
ENSG00000107854.5	0	0	0
ENSG00000180581.7	0	0	0
ENSG00000273497.1	0	0	0
ENSG00000174721.9	0	0	0
ENSG00000272817.1	0	0	0
ENSG00000095564.13	0	0	0
ENSG00000107864.14	0	0	0
ENSG00000252993.1	0	0	0
ENSG00000214549.2	0	0	0
ENSG00000213484.2	0	0	0
ENSG00000221042.1	0	0	0
ENSG00000105988.6	0	0	0
ENSG00000199881.1	0	0	0
ENSG00000198060.9	0	0	0
ENSG00000202297.1	0	0	0
ENSG00000232709.1	0	0	0
ENSG00000119912.16	0	0	0
ENSG00000138160.5	0	0	0
ENSG00000184111.6	0	0	0
ENSG00000264313.2	0	0	0
ENSG00000236493.2	0	0	0
ENSG00000152804.10	0	0	0
ENSG00000201412.1	0	0	0
ENSG00000138190.16	0	0	0
ENSG00000225118.1	0	0	0
ENSG00000226425.1	0	0	0
ENSG00000187553.8	0	0	0
ENSG00000285846.1	0	0	0
ENSG00000279607.1	0	0	0
ENSG00000095596.11	0	0	0
ENSG00000232805.1	0	0	0
ENSG00000237417.1	0	0	0
ENSG00000213432.2	0	0	0
ENSG00000138119.16	0	0	0
ENSG00000138180.15	0	0	0
ENSG00000212396.1	0	0	0
ENSG00000186188.10	0	0	0
ENSG00000138207.13	0	0	0
ENSG00000095464.9	0	0	0
ENSG00000148690.11	0	0	0
ENSG00000108231.12	0	0	0
ENSG00000280660.1	0	0	0
ENSG00000280485.1	0	0	0
ENSG00000227995.1	0	0	0
ENSG00000176273.14	0	0	0
ENSG00000180764.13	0	0	0
ENSG00000138193.15	0	0	0
ENSG00000232913.8	0	0	0
ENSG00000231575.1	0	0	0
ENSG00000234724.1	0	0	0
ENSG00000206631.1	0	0	0
ENSG00000228553.1	0	0	0
ENSG00000268894.6	0	0	0
ENSG00000273450.1	0	0	0
ENSG00000173145.11	0	0	0
ENSG00000108239.8	0	0	0
ENSG00000119969.14	0	0	0
ENSG00000244332.1	0	0	0
ENSG00000235746.1	0	0	0
ENSG00000108242.12	0	0	0
ENSG00000276490.1	0	0	0
ENSG00000165841.10	0	0	0
ENSG00000230338.1	0	0	0
ENSG00000235199.1	0	0	0
ENSG00000225354.1	0	0	0
ENSG00000138109.10	0	0	0
ENSG00000233377.1	0	0	0
ENSG00000228460.1	0	0	0
ENSG00000260863.1	0	0	0
ENSG00000237885.1	0	0	0
ENSG00000138115.13	0	0	0
ENSG00000231829.2	0	0	0
ENSG00000274691.1	0	0	0
ENSG00000225533.1	0	0	0
ENSG00000173124.14	0	0	0
ENSG00000234026.1	0	0	0
ENSG00000107438.8	0	0	0
ENSG00000095637.22	0	0	0
ENSG00000214362.2	0	0	0
ENSG00000059573.8	0	0	0
ENSG00000119977.20	0	0	0
ENSG00000138185.19	0	0	0
ENSG00000226688.6	0	0	0
ENSG00000240527.1	0	0	0
ENSG00000270099.1	0	0	0
ENSG00000188649.13	0	0	0
ENSG00000227805.1	0	0	0
ENSG00000107443.15	0	0	0
ENSG00000266407.1	0	0	0
ENSG00000200728.1	0	0	0
ENSG00000177853.14	0	0	0
ENSG00000229417.1	0	0	0
ENSG00000095585.16	0	0	0
ENSG00000229418.2	0	0	0
ENSG00000107447.7	0	0	0
ENSG00000197430.10	0	0	0
ENSG00000095587.8	0	0	0
ENSG00000077147.15	0	0	0
ENSG00000235677.1	0	0	0
ENSG00000155629.14	0	0	0
ENSG00000202047.1	0	0	0
ENSG00000227032.1	0	0	0
ENSG00000207287.1	0	0	0
ENSG00000236552.2	0	0	0
ENSG00000207976.1	0	0	0
ENSG00000196233.13	0	0	0
ENSG00000232875.1	0	0	0
ENSG00000187122.16	0	0	0
ENSG00000234855.1	0	0	0
ENSG00000269891.2	0	0	0
ENSG00000213390.10	0	0	0
ENSG00000231398.1	0	0	0
ENSG00000277308.1	0	0	0
ENSG00000237169.1	0	0	0
ENSG00000165879.8	0	0	0
ENSG00000181274.6	0	0	0
ENSG00000225850.3	0	0	0
ENSG00000052749.13	0	0	0
ENSG00000231508.1	0	0	0
ENSG00000231970.1	0	0	0
ENSG00000200737.1	0	0	0
ENSG00000171314.8	0	0	0
ENSG00000171311.12	0	0	0
ENSG00000171307.18	0	0	0
ENSG00000155229.20	0	0	0
ENSG00000165886.4	0	0	0
ENSG00000165887.11	0	0	0
ENSG00000241935.8	0	0	0
ENSG00000249967.1	0	0	0
ENSG00000203942.4	0	0	0
ENSG00000171160.17	0	0	0
ENSG00000155252.13	0	0	0
ENSG00000119986.6	0	0	0
ENSG00000155254.12	0	0	0
ENSG00000155256.17	0	0	0
ENSG00000120057.4	0	0	0
ENSG00000227356.2	0	0	0
ENSG00000155265.10	0	0	0
ENSG00000095713.13	0	0	0
ENSG00000278752.1	0	0	0
ENSG00000166024.13	0	0	0
ENSG00000138131.3	0	0	0
ENSG00000230928.1	0	0	0
ENSG00000119943.12	0	0	0
ENSG00000284415.1	0	0	0
ENSG00000107521.18	0	0	0
ENSG00000264610.1	0	0	0
ENSG00000172987.12	0	0	0
ENSG00000274056.1	0	0	0
ENSG00000236818.1	0	0	0
ENSG00000234109.1	0	0	0
ENSG00000119946.10	0	0	0
ENSG00000120053.11	0	0	0
ENSG00000224934.4	0	0	0
ENSG00000257582.5	0	0	0
ENSG00000228778.2	0	0	0
ENSG00000119919.10	0	0	0
ENSG00000155287.10	0	0	0
ENSG00000260475.1	0	0	0
ENSG00000229278.2	0	0	0
ENSG00000285932.1	0	0	0
ENSG00000198018.6	0	0	0
ENSG00000233690.1	0	0	0
ENSG00000119929.12	0	0	0
ENSG00000014919.12	0	0	0
ENSG00000023839.11	0	0	0
ENSG00000227351.2	0	0	0
ENSG00000107554.16	0	0	0
ENSG00000227695.5	0	0	0
ENSG00000120054.11	0	0	0
ENSG00000283232.1	0	0	0
ENSG00000232230.1	0	0	0
ENSG00000270623.1	0	0	0
ENSG00000107566.13	0	0	0
ENSG00000213341.10	0	0	0
ENSG00000236308.1	0	0	0
ENSG00000227492.1	0	0	0
ENSG00000095485.17	0	0	0
ENSG00000212464.1	0	0	0
ENSG00000230224.1	0	0	0
ENSG00000207362.1	0	0	0
ENSG00000196072.11	0	0	0
ENSG00000107593.16	0	0	0
ENSG00000231188.1	0	0	0
ENSG00000099194.5	0	0	0
ENSG00000235823.2	0	0	0
ENSG00000212325.1	0	0	0
ENSG00000075290.7	0	0	0
ENSG00000075826.16	0	0	0
ENSG00000255339.6	0	0	0
ENSG00000166136.15	0	0	0
ENSG00000166135.13	0	0	0
ENSG00000274660.1	0	0	0
ENSG00000075891.21	0	0	0
ENSG00000222072.1	0	0	0
ENSG00000272572.1	0	0	0
ENSG00000119906.12	0	0	0
ENSG00000273476.1	0	0	0
ENSG00000055950.16	0	0	0
ENSG00000095539.15	0	0	0
ENSG00000207551.1	0	0	0
ENSG00000236662.1	0	0	0
ENSG00000107815.9	0	0	0
ENSG00000107816.17	0	0	0
ENSG00000186862.18	0	0	0
ENSG00000107819.13	0	0	0
ENSG00000273162.1	0	0	0
ENSG00000107821.14	0	0	0
ENSG00000236311.6	0	0	0
ENSG00000107807.12	0	0	0
ENSG00000237579.2	0	0	0
ENSG00000270973.1	0	0	0
ENSG00000138136.6	0	0	0
ENSG00000227128.4	0	0	0
ENSG00000229649.1	0	0	0
ENSG00000222238.1	0	0	0
ENSG00000225208.1	0	0	0
ENSG00000230967.2	0	0	0
ENSG00000166167.17	0	0	0
ENSG00000222414.1	0	0	0
ENSG00000166171.12	0	0	0
ENSG00000166169.16	0	0	0
ENSG00000283558.1	0	0	0
ENSG00000263436.1	0	0	0
ENSG00000107829.13	0	0	0
ENSG00000222051.1	0	0	0
ENSG00000224817.1	0	0	0
ENSG00000107831.12	0	0	0
ENSG00000107833.10	0	0	0
ENSG00000198408.13	0	0	0
ENSG00000226009.1	0	0	0
ENSG00000120049.19	0	0	0
ENSG00000120029.12	0	0	0
ENSG00000274742.1	0	0	0
ENSG00000222430.1	0	0	0
ENSG00000166189.7	0	0	0
ENSG00000224302.1	0	0	0
ENSG00000229629.1	0	0	0
ENSG00000198728.10	0	0	0
ENSG00000148840.10	0	0	0
ENSG00000166197.16	0	0	0
ENSG00000119915.4	0	0	0
ENSG00000107859.9	0	0	0
ENSG00000107862.4	0	0	0
ENSG00000077150.18	0	0	0
ENSG00000059915.16	0	0	0
ENSG00000107872.12	0	0	0
ENSG00000107874.10	0	0	0
ENSG00000202569.4	0	0	0
ENSG00000269609.5	0	0	0
ENSG00000120055.7	0	0	0
ENSG00000138111.14	0	0	0
ENSG00000138107.12	0	0	0
ENSG00000273262.1	0	0	0
ENSG00000107882.11	0	0	0
ENSG00000228657.1	0	0	0
ENSG00000207029.1	0	0	0
ENSG00000171206.14	0	0	0
ENSG00000272933.1	0	0	0
ENSG00000138175.8	0	0	0
ENSG00000156398.12	0	0	0
ENSG00000166272.17	0	0	0
ENSG00000252994.1	0	0	0
ENSG00000148795.6	0	0	0
ENSG00000213061.2	0	0	0
ENSG00000236937.2	0	0	0
ENSG00000282772.1	0	0	0
ENSG00000166275.15	0	0	0
ENSG00000270316.1	0	0	0
ENSG00000283337.1	0	0	0
ENSG00000214435.7	0	0	0
ENSG00000235266.1	0	0	0
ENSG00000272912.1	0	0	0
ENSG00000148842.17	0	0	0
ENSG00000278498.1	0	0	0
ENSG00000076685.18	0	0	0
ENSG00000237827.1	0	0	0
ENSG00000213277.3	0	0	0
ENSG00000229256.1	0	0	0
ENSG00000235376.5	0	0	0
ENSG00000148798.10	0	0	0
ENSG00000156374.15	0	0	0
ENSG00000212413.1	0	0	0
ENSG00000148835.10	0	0	0
ENSG00000173915.15	0	0	0
ENSG00000283867.1	0	0	0
ENSG00000148843.14	0	0	0
ENSG00000138172.10	0	0	0
ENSG00000273485.1	0	0	0
ENSG00000234699.1	0	0	0
ENSG00000185933.6	0	0	0
ENSG00000183128.7	0	0	0
ENSG00000235470.5	0	0	0
ENSG00000107954.10	0	0	0
ENSG00000226431.1	0	0	0
ENSG00000107957.16	0	0	0
ENSG00000273108.1	0	0	0
ENSG00000222503.1	0	0	0
ENSG00000280693.2	0	0	0
ENSG00000260461.1	0	0	0
ENSG00000107960.10	0	0	0
ENSG00000065613.13	0	0	0
ENSG00000266754.2	0	0	0
ENSG00000065618.19	0	0	0
ENSG00000283788.1	0	0	0
ENSG00000156384.14	0	0	0
ENSG00000197748.12	0	0	0
ENSG00000208033.1	0	0	0
ENSG00000148834.12	0	0	0
ENSG00000266852.2	0	0	0
ENSG00000065621.14	0	0	0
ENSG00000148841.16	0	0	0
ENSG00000270075.1	0	0	0
ENSG00000228261.1	0	0	0
ENSG00000231233.1	0	0	0
ENSG00000120051.14	0	0	0
ENSG00000225768.1	0	0	0
ENSG00000237761.2	0	0	0
ENSG00000156395.12	0	0	0
ENSG00000226387.2	0	0	0
ENSG00000207068.1	0	0	0
ENSG00000233477.1	0	0	0
ENSG00000213260.3	0	0	0
ENSG00000229466.1	0	0	0
ENSG00000229775.6	0	0	0
ENSG00000215002.2	0	0	0
ENSG00000108018.15	0	0	0
ENSG00000200626.1	0	0	0
ENSG00000200079.1	0	0	0
ENSG00000229981.7	0	0	0
ENSG00000234544.2	0	0	0
ENSG00000203434.2	0	0	0
ENSG00000223381.1	0	0	0
ENSG00000224498.1	0	0	0
ENSG00000222436.1	0	0	0
ENSG00000252574.2	0	0	0
ENSG00000200217.1	0	0	0
ENSG00000232728.1	0	0	0
ENSG00000237242.1	0	0	0
ENSG00000270333.1	0	0	0
ENSG00000270294.1	0	0	0
ENSG00000224907.1	0	0	0
ENSG00000108039.17	0	0	0
ENSG00000272160.1	0	0	0
ENSG00000203876.9	0	0	0
ENSG00000148700.14	0	0	0
ENSG00000226734.1	0	0	0
ENSG00000119950.20	0	0	0
ENSG00000228417.1	0	0	0
ENSG00000214067.2	0	0	0
ENSG00000119953.12	0	0	0
ENSG00000273143.1	0	0	0
ENSG00000237642.1	0	0	0
ENSG00000138166.5	0	0	0
ENSG00000233518.1	0	0	0
ENSG00000108055.9	0	0	0
ENSG00000223302.1	0	0	0
ENSG00000203867.7	0	0	0
ENSG00000252036.1	0	0	0
ENSG00000199364.1	0	0	0
ENSG00000232470.1	0	0	0
ENSG00000203497.2	0	0	0
ENSG00000150593.17	0	0	0
ENSG00000284482.1	0	0	0
ENSG00000214413.7	0	0	0
ENSG00000278601.1	0	0	0
ENSG00000270589.1	0	0	0
ENSG00000108061.11	0	0	0
ENSG00000234118.1	0	0	0
ENSG00000221214.1	0	0	0
ENSG00000150594.6	0	0	0
ENSG00000213247.3	0	0	0
ENSG00000237618.1	0	0	0
ENSG00000227851.1	0	0	0
ENSG00000230809.1	0	0	0
ENSG00000119927.13	0	0	0
ENSG00000119913.5	0	0	0
ENSG00000283688.1	0	0	0
ENSG00000276857.1	0	0	0
ENSG00000243316.7	0	0	0
ENSG00000197142.10	0	0	0
ENSG00000232934.7	0	0	0
ENSG00000023041.11	0	0	0
ENSG00000151532.13	0	0	0
ENSG00000234017.1	0	0	0
ENSG00000264763.1	0	0	0
ENSG00000233340.1	0	0	0
ENSG00000285676.1	0	0	0
ENSG00000260917.1	0	0	0
ENSG00000279315.1	0	0	0
ENSG00000225292.2	0	0	0
ENSG00000148737.16	0	0	0
ENSG00000233547.1	0	0	0
ENSG00000227560.1	0	0	0
ENSG00000238380.1	0	0	0
ENSG00000230018.1	0	0	0
ENSG00000148702.14	0	0	0
ENSG00000197893.13	0	0	0
ENSG00000165806.19	0	0	0
ENSG00000234393.1	0	0	0
ENSG00000148735.14	0	0	0
ENSG00000283656.1	0	0	0
ENSG00000212589.1	0	0	0
ENSG00000198924.7	0	0	0
ENSG00000196865.4	0	0	0
ENSG00000043591.5	0	0	0
ENSG00000285540.1	0	0	0
ENSG00000253066.1	0	0	0
ENSG00000226582.1	0	0	0
ENSG00000165813.19	0	0	0
ENSG00000273904.1	0	0	0
ENSG00000284442.1	0	0	0
ENSG00000095627.9	0	0	0
ENSG00000165816.12	0	0	0
ENSG00000230165.1	0	0	0
ENSG00000275024.1	0	0	0
ENSG00000169129.14	0	0	0
ENSG00000242912.3	0	0	0
ENSG00000279796.1	0	0	0
ENSG00000099204.19	0	0	0
ENSG00000229668.1	0	0	0
ENSG00000228169.3	0	0	0
ENSG00000228484.2	0	0	0
ENSG00000215760.2	0	0	0
ENSG00000151553.14	0	0	0
ENSG00000226428.1	0	0	0
ENSG00000165832.5	0	0	0
ENSG00000252611.1	0	0	0
ENSG00000236799.1	0	0	0
ENSG00000107518.17	0	0	0
ENSG00000285582.1	0	0	0
ENSG00000270965.1	0	0	0
ENSG00000151892.14	0	0	0
ENSG00000285587.1	0	0	0
ENSG00000182645.5	0	0	0
ENSG00000205433.4	0	0	0
ENSG00000203837.4	0	0	0
ENSG00000227096.1	0	0	0
ENSG00000200935.1	0	0	0
ENSG00000175535.6	0	0	0
ENSG00000232091.1	0	0	0
ENSG00000187021.14	0	0	0
ENSG00000266200.6	0	0	0
ENSG00000165863.16	0	0	0
ENSG00000232767.1	0	0	0
ENSG00000165868.14	0	0	0
ENSG00000228195.2	0	0	0
ENSG00000188316.13	0	0	0
ENSG00000187164.19	0	0	0
ENSG00000235742.1	0	0	0
ENSG00000148704.12	0	0	0
ENSG00000234474.2	0	0	0
ENSG00000266782.1	0	0	0
ENSG00000236171.1	0	0	0
ENSG00000186795.1	0	0	0
ENSG00000225936.1	0	0	0
ENSG00000165646.13	0	0	0
ENSG00000277879.1	0	0	0
ENSG00000165650.11	0	0	0
ENSG00000258114.1	0	0	0
ENSG00000229847.8	0	0	0
ENSG00000170370.11	0	0	0
ENSG00000235198.1	0	0	0
ENSG00000234952.1	0	0	0
ENSG00000263041.1	0	0	0
ENSG00000107560.11	0	0	0
ENSG00000231104.8	0	0	0
ENSG00000177640.15	0	0	0
ENSG00000238276.5	0	0	0
ENSG00000165669.13	0	0	0
ENSG00000232139.5	0	0	0
ENSG00000234309.1	0	0	0
ENSG00000119973.5	0	0	0
ENSG00000225155.4	0	0	0
ENSG00000151893.14	0	0	0
ENSG00000277687.1	0	0	0
ENSG00000236058.3	0	0	0
ENSG00000213574.2	0	0	0
ENSG00000229272.1	0	0	0
ENSG00000188613.6	0	0	0
ENSG00000107581.12	0	0	0
ENSG00000207468.1	0	0	0
ENSG00000222588.1	0	0	0
ENSG00000271343.1	0	0	0
ENSG00000119979.17	0	0	0
ENSG00000183605.16	0	0	0
ENSG00000165672.6	0	0	0
ENSG00000198873.11	0	0	0
ENSG00000228485.1	0	0	0
ENSG00000242853.3	0	0	0
ENSG00000236426.5	0	0	0
ENSG00000265719.1	0	0	0
ENSG00000148908.14	0	0	0
ENSG00000271353.1	0	0	0
ENSG00000151923.17	0	0	0
ENSG00000234569.1	0	0	0
ENSG00000227437.1	0	0	0
ENSG00000151929.9	0	0	0
ENSG00000232823.2	0	0	0
ENSG00000198825.13	0	0	0
ENSG00000242818.3	0	0	0
ENSG00000270300.2	0	0	0
ENSG00000282413.1	0	0	0
ENSG00000197771.12	0	0	0
ENSG00000107651.12	0	0	0
ENSG00000265370.1	0	0	0
ENSG00000180230.6	0	0	0
ENSG00000223455.1	0	0	0
ENSG00000220842.6	0	0	0
ENSG00000234522.1	0	0	0
ENSG00000203805.10	0	0	0
ENSG00000177234.7	0	0	0
ENSG00000227165.8	0	0	0
ENSG00000274461.1	0	0	0
ENSG00000120008.15	0	0	0
ENSG00000271670.1	0	0	0
ENSG00000227307.1	0	0	0
ENSG00000278484.1	0	0	0
ENSG00000236762.1	0	0	0
ENSG00000227143.1	0	0	0
ENSG00000222979.1	0	0	0
ENSG00000066468.22	0	0	0
ENSG00000223432.1	0	0	0
ENSG00000223540.1	0	0	0
ENSG00000224250.1	0	0	0
ENSG00000107669.17	0	0	0
ENSG00000201884.1	0	0	0
ENSG00000226864.2	0	0	0
ENSG00000273767.1	0	0	0
ENSG00000276742.1	0	0	0
ENSG00000107672.14	0	0	0
ENSG00000273891.1	0	0	0
ENSG00000138162.18	0	0	0
ENSG00000285715.1	0	0	0
ENSG00000285973.1	0	0	0
ENSG00000138152.8	0	0	0
ENSG00000202245.1	0	0	0
ENSG00000107679.14	0	0	0
ENSG00000265442.1	0	0	0
ENSG00000285955.1	0	0	0
ENSG00000254636.1	0	0	0
ENSG00000166033.12	0	0	0
ENSG00000187908.17	0	0	0
ENSG00000183559.11	0	0	0
ENSG00000176584.18	0	0	0
ENSG00000138161.13	0	0	0
ENSG00000213185.6	0	0	0
ENSG00000255624.3	0	0	0
ENSG00000203795.2	0	0	0
ENSG00000119965.12	0	0	0
ENSG00000179988.14	0	0	0
ENSG00000095574.11	0	0	0
ENSG00000196177.12	0	0	0
ENSG00000188620.9	0	0	0
ENSG00000188816.3	0	0	0
ENSG00000154473.17	0	0	0
ENSG00000227586.5	0	0	0
ENSG00000270902.1	0	0	0
ENSG00000230131.5	0	0	0
ENSG00000225152.1	0	0	0
ENSG00000234542.1	0	0	0
ENSG00000154478.3	0	0	0
ENSG00000121898.12	0	0	0
ENSG00000231138.1	0	0	0
ENSG00000234677.1	0	0	0
ENSG00000213438.2	0	0	0
ENSG00000232334.1	0	0	0
ENSG00000182022.17	0	0	0
ENSG00000065154.11	0	0	0
ENSG00000229544.8	0	0	0
ENSG00000271434.3	0	0	0
ENSG00000107902.13	0	0	0
ENSG00000229455.2	0	0	0
ENSG00000258539.1	0	0	0
ENSG00000189319.13	0	0	0
ENSG00000278831.1	0	0	0
ENSG00000233334.3	0	0	0
ENSG00000203791.14	0	0	0
ENSG00000199466.1	0	0	0
ENSG00000165660.7	0	0	0
ENSG00000207494.1	0	0	0
ENSG00000214807.2	0	0	0
ENSG00000249456.1	0	0	0
ENSG00000019995.6	0	0	0
ENSG00000226899.1	0	0	0
ENSG00000175029.16	0	0	0
ENSG00000273599.1	0	0	0
ENSG00000264572.1	0	0	0
ENSG00000282787.1	0	0	0
ENSG00000214298.3	0	0	0
ENSG00000233135.1	0	0	0
ENSG00000237675.5	0	0	0
ENSG00000175018.12	0	0	0
ENSG00000214297.3	0	0	0
ENSG00000228021.7	0	0	0
ENSG00000224023.10	0	0	0
ENSG00000280561.1	0	0	0
ENSG00000234134.1	0	0	0
ENSG00000107938.17	0	0	0
ENSG00000236991.6	0	0	0
ENSG00000154485.4	0	0	0
ENSG00000188690.13	0	0	0
ENSG00000265092.1	0	0	0
ENSG00000107949.16	0	0	0
ENSG00000089876.11	0	0	0
ENSG00000277371.1	0	0	0
ENSG00000222629.1	0	0	0
ENSG00000203780.10	0	0	0
ENSG00000234016.1	0	0	0
ENSG00000233409.1	0	0	0
ENSG00000148848.14	0	0	0
ENSG00000222740.1	0	0	0
ENSG00000213170.3	0	0	0
ENSG00000235180.1	0	0	0
ENSG00000154493.18	0	0	0
ENSG00000199321.1	0	0	0
ENSG00000150760.12	0	0	0
ENSG00000223528.7	0	0	0
ENSG00000232935.2	0	0	0
ENSG00000188916.8	0	0	0
ENSG00000214285.2	0	0	0
ENSG00000279725.1	0	0	0
ENSG00000186766.7	0	0	0
ENSG00000270778.1	0	0	0
ENSG00000180745.4	0	0	0
ENSG00000132334.16	0	0	0
ENSG00000232259.1	0	0	0
ENSG00000227076.1	0	0	0
ENSG00000148773.13	0	0	0
ENSG00000280953.2	0	0	0
ENSG00000234640.1	0	0	0
ENSG00000224190.1	0	0	0
ENSG00000232985.1	0	0	0
ENSG00000225424.1	0	0	0
ENSG00000285615.1	0	0	0
ENSG00000170430.9	0	0	0
ENSG00000237224.4	0	0	0
ENSG00000227374.1	0	0	0
ENSG00000283141.1	0	0	0
ENSG00000108001.13	0	0	0
ENSG00000275327.1	0	0	0
ENSG00000266676.1	0	0	0
ENSG00000275005.1	0	0	0
ENSG00000237489.4	0	0	0
ENSG00000277218.1	0	0	0
ENSG00000233122.2	0	0	0
ENSG00000233319.1	0	0	0
ENSG00000108010.11	0	0	0
ENSG00000236303.3	0	0	0
ENSG00000276375.1	0	0	0
ENSG00000222997.1	0	0	0
ENSG00000285529.1	0	0	0
ENSG00000264803.1	0	0	0
ENSG00000176769.9	0	0	0
ENSG00000230098.1	0	0	0
ENSG00000189275.3	0	0	0
ENSG00000280446.1	0	0	0
ENSG00000283095.1	0	0	0
ENSG00000175470.19	0	0	0
ENSG00000176171.11	0	0	0
ENSG00000277959.1	0	0	0
ENSG00000273521.1	0	0	0
ENSG00000279982.1	0	0	0
ENSG00000188385.11	0	0	0
ENSG00000235010.1	0	0	0
ENSG00000151640.12	0	0	0
ENSG00000165752.16	0	0	0
ENSG00000148814.17	0	0	0
ENSG00000171813.13	0	0	0
ENSG00000231705.1	0	0	0
ENSG00000234311.1	0	0	0
ENSG00000180066.9	0	0	0
ENSG00000226900.1	0	0	0
ENSG00000229081.1	0	0	0
ENSG00000068383.18	0	0	0
ENSG00000148826.8	0	0	0
ENSG00000171811.13	0	0	0
ENSG00000232903.2	0	0	0
ENSG00000224758.1	0	0	0
ENSG00000240707.2	0	0	0
ENSG00000197177.15	0	0	0
ENSG00000256925.2	0	0	0
ENSG00000235264.1	0	0	0
ENSG00000171798.17	0	0	0
ENSG00000171794.3	0	0	0
ENSG00000151650.7	0	0	0
ENSG00000166917.10	0	0	0
ENSG00000284219.1	0	0	0
ENSG00000273980.1	0	0	0
ENSG00000151651.15	0	0	0
ENSG00000130640.13	0	0	0
ENSG00000235245.1	0	0	0
ENSG00000198546.14	0	0	0
ENSG00000283496.1	0	0	0
ENSG00000130643.8	0	0	0
ENSG00000230306.1	0	0	0
ENSG00000226699.1	0	0	0
ENSG00000165828.14	0	0	0
ENSG00000148803.11	0	0	0
ENSG00000127884.4	0	0	0
ENSG00000265395.1	0	0	0
ENSG00000274685.1	0	0	0
ENSG00000148832.15	0	0	0
ENSG00000254536.1	0	0	0
ENSG00000148824.18	0	0	0
ENSG00000203772.7	0	0	0
ENSG00000273327.1	0	0	0
ENSG00000214279.13	0	0	0
ENSG00000273336.1	0	0	0
ENSG00000130649.9	0	0	0
ENSG00000278518.1	0	0	0
ENSG00000171772.16	0	0	0
ENSG00000233685.1	0	0	0
ENSG00000225899.7	0	0	0
ENSG00000213543.2	0	0	0
ENSG00000233435.2	0	0	0
ENSG00000230468.1	0	0	0
ENSG00000279626.1	0	0	0
ENSG00000280337.1	0	0	0
ENSG00000274599.2	0	0	0
ENSG00000276964.1	0	0	0
ENSG00000277274.1	0	0	0
ENSG00000275610.1	0	0	0
ENSG00000276164.1	0	0	0
ENSG00000237635.2	0	0	0
ENSG00000278664.1	0	0	0
ENSG00000278761.1	0	0	0
ENSG00000278790.1	0	0	0
ENSG00000276046.1	0	0	0
ENSG00000276904.1	0	0	0
ENSG00000278641.1	0	0	0
ENSG00000213147.3	0	0	0
ENSG00000282875.1	0	0	0
